40000 1557871953
40000 1557871954
19580 1557871954
19580 1557871954
19580 1557871954
19580 1557871954
19580 1557871954
19580 1557871954
19580 1557871954
19580 1557871954
19580 1557871954
19580 1557871954
19580 1557871954
19580 1557871955
19560 1557871955
19580 1557871955
19580 1557871955
19580 1557871955
19580 1557871955
19580 1557871955
19580 1557871955
19580 1557871955
19580 1557871955
19560 1557871955
19580 1557871955
19580 1557871955
19580 1557871955
19560 1557871955
19580 1557871955
19580 1557871955
19560 1557871955
19560 1557871955
19580 1557871955
19580 1557871955
19580 1557871955
19580 1557871955
19560 1557871955
19580 1557871955
19560 1557871955
19580 1557871955
19560 1557871955
19580 1557871955
19580 1557871955
19580 1557871955
19560 1557871955
19580 1557871955
19580 1557871955
19560 1557871955
19560 1557871955
19580 1557871955
19560 1557871955
19580 1557871955
19580 1557871955
19560 1557871955
19580 1557871955
19580 1557871955
19580 1557871955
19560 1557871955
19580 1557871955
19580 1557871955
19560 1557871955
19580 1557871955
19580 1557871955
19580 1557871955
19580 1557871955
19580 1557871955
19580 1557871955
19560 1557871955
19580 1557871955
19560 1557871955
19580 1557871955
19580 1557871955
19580 1557871955
19580 1557871955
19560 1557871955
19580 1557871955
19580 1557871955
19580 1557871955
19580 1557871955
19580 1557871955
19580 1557871955
19580 1557871955
19580 1557871955
19580 1557871955
19580 1557871955
19580 1557871955
19580 1557871955
19580 1557871955
19580 1557871955
19580 1557871955
19580 1557871955
19580 1557871955
60 1557871955
19580 1557871955
19560 1557871955
19580 1557871955
19580 1557871955
19580 1557871955
19580 1557871955
19560 1557871955
19580 1557871955
19580 1557871955
19580 1557871955
19580 1557871955
19580 1557871955
19560 1557871955
19580 1557871955
19580 1557871955
19580 1557871955
19580 1557871955
19580 1557871955
19560 1557871955
19580 1557871955
19580 1557871955
19560 1557871955
19560 1557871955
19580 1557871955
19580 1557871955
19580 1557871955
19580 1557871955
19560 1557871955
19560 1557871955
19580 1557871955
40129 1557871955
19580 1557871955
19580 1557871955
19580 1557871955
19580 1557871955
19580 1557871955
19580 1557871955
19560 1557871955
19560 1557871955
19580 1557871955
19560 1557871956
19560 1557871956
19580 1557871956
19560 1557871956
19580 1557871956
19580 1557871956
19560 1557871956
19560 1557871956
19580 1557871956
19560 1557871956
19580 1557871956
19580 1557871956
19580 1557871956
19580 1557871956
19580 1557871956
19580 1557871956
19580 1557871956
19560 1557871956
19580 1557871956
19580 1557871956
19560 1557871956
19580 1557871956
19580 1557871956
19580 1557871956
19560 1557871956
19580 1557871956
19580 1557871956
19580 1557871956
19580 1557871956
19580 1557871956
19580 1557871956
19560 1557871956
19580 1557871956
19580 1557871956
19580 1557871956
19560 1557871956
19580 1557871956
19580 1557871956
19560 1557871956
19580 1557871956
19580 1557871956
19580 1557871956
19560 1557871956
19580 1557871956
19580 1557871956
19580 1557871956
19580 1557871956
19580 1557871956
19560 1557871956
19580 1557871956
19580 1557871956
19560 1557871956
19580 1557871956
19560 1557871956
19580 1557871956
19580 1557871956
19580 1557871956
19560 1557871956
19580 1557871956
19580 1557871956
19560 1557871956
19580 1557871956
19580 1557871956
19580 1557871956
19580 1557871956
19580 1557871956
19560 1557871956
19580 1557871956
19580 1557871956
19580 1557871956
19580 1557871956
19580 1557871956
19580 1557871956
19560 1557871956
19580 1557871956
19580 1557871956
19560 1557871956
19580 1557871956
19580 1557871956
19580 1557871956
19580 1557871956
19580 1557871956
19580 1557871956
19580 1557871956
19580 1557871956
19580 1557871956
19560 1557871956
19580 1557871956
19580 1557871956
19580 1557871956
19580 1557871956
19580 1557871956
19580 1557871956
19580 1557871956
40109 1557871956
19580 1557871956
19560 1557871956
19580 1557871956
19580 1557871956
19560 1557871956
19580 1557871956
19560 1557871956
60 1557871956
19580 1557871956
19580 1557871956
19560 1557871957
19560 1557871957
19580 1557871957
19580 1557871957
19580 1557871957
19580 1557871957
19580 1557871957
19560 1557871957
19580 1557871957
19560 1557871957
19560 1557871957
19580 1557871957
19580 1557871957
19560 1557871957
19580 1557871957
19580 1557871957
19580 1557871957
19560 1557871957
19580 1557871957
19560 1557871957
19580 1557871957
19560 1557871957
19580 1557871957
19560 1557871957
19580 1557871957
19580 1557871957
19580 1557871957
19560 1557871957
19580 1557871957
19580 1557871957
19580 1557871957
19560 1557871957
19580 1557871957
19580 1557871957
19580 1557871957
19580 1557871957
19580 1557871957
19580 1557871957
19580 1557871957
19580 1557871957
19560 1557871957
40 1557871957
19580 1557871957
19580 1557871957
19580 1557871957
19580 1557871957
19580 1557871957
19580 1557871957
19580 1557871957
19580 1557871957
19580 1557871957
19580 1557871957
19580 1557871957
19580 1557871957
19580 1557871957
19580 1557871957
19560 1557871957
19580 1557871957
19580 1557871957
19580 1557871957
19580 1557871957
19580 1557871957
19580 1557871957
19580 1557871957
19580 1557871957
19580 1557871957
19580 1557871957
19580 1557871957
19580 1557871957
19580 1557871957
19580 1557871957
19560 1557871957
19600 1557871957
19560 1557871957
19580 1557871957
19580 1557871957
19580 1557871957
19560 1557871957
19580 1557871957
19580 1557871957
19580 1557871957
19580 1557871957
19580 1557871957
19580 1557871957
19580 1557871957
19580 1557871957
19560 1557871957
19580 1557871957
19580 1557871957
19580 1557871957
19580 1557871957
19560 1557871957
19560 1557871957
19580 1557871957
40109 1557871957
19580 1557871957
19580 1557871957
19580 1557871957
19580 1557871957
19580 1557871957
19580 1557871957
19580 1557871957
19580 1557871957
19580 1557871957
19580 1557871958
19580 1557871958
19580 1557871958
19580 1557871958
19580 1557871958
19580 1557871958
19580 1557871958
19580 1557871958
19580 1557871958
19580 1557871958
19580 1557871958
19580 1557871958
19580 1557871958
19560 1557871958
19580 1557871958
19580 1557871958
19580 1557871958
19580 1557871958
19580 1557871958
19580 1557871958
19580 1557871958
19580 1557871958
40 1557871958
19560 1557871958
19580 1557871958
19580 1557871958
19580 1557871958
19580 1557871958
19580 1557871958
19560 1557871958
19580 1557871958
19580 1557871958
19560 1557871958
19580 1557871958
19580 1557871958
19580 1557871958
19580 1557871958
19580 1557871958
19580 1557871958
19580 1557871958
19580 1557871958
19580 1557871958
19560 1557871958
19580 1557871958
19580 1557871958
19580 1557871958
19580 1557871958
19580 1557871958
19580 1557871958
19580 1557871958
19580 1557871958
19580 1557871958
19560 1557871958
19580 1557871958
19580 1557871958
19560 1557871958
19580 1557871958
19580 1557871958
19580 1557871958
19580 1557871958
19560 1557871958
19560 1557871958
19580 1557871958
19580 1557871958
19580 1557871958
19580 1557871958
19560 1557871958
19560 1557871958
40 1557871958
19580 1557871958
19580 1557871958
19580 1557871958
19580 1557871958
19580 1557871958
19580 1557871958
19580 1557871958
19580 1557871958
19580 1557871958
19580 1557871958
19580 1557871958
19580 1557871958
19560 1557871958
19580 1557871958
19560 1557871958
19560 1557871958
19560 1557871958
19580 1557871958
19580 1557871958
19580 1557871958
19580 1557871958
19580 1557871958
19580 1557871958
19580 1557871958
19580 1557871958
19580 1557871958
40112 1557871958
19580 1557871958
19560 1557871958
19560 1557871958
19580 1557871958
19580 1557871958
19580 1557871958
19600 1557871958
19580 1557871958
19580 1557871959
19560 1557871959
19580 1557871959
19580 1557871959
19560 1557871959
19580 1557871959
19580 1557871959
19580 1557871959
19580 1557871959
19580 1557871959
19580 1557871959
19580 1557871959
19580 1557871959
40 1557871959
19580 1557871959
19580 1557871959
19580 1557871959
19560 1557871959
19560 1557871959
19560 1557871959
19560 1557871959
19580 1557871959
19580 1557871959
19560 1557871959
19580 1557871959
19580 1557871959
19580 1557871959
19580 1557871959
19560 1557871959
19580 1557871959
19580 1557871959
19560 1557871959
19580 1557871959
19560 1557871959
19580 1557871959
19580 1557871959
19560 1557871959
19580 1557871959
19580 1557871959
19560 1557871959
19560 1557871959
19580 1557871959
19580 1557871959
19580 1557871959
19580 1557871959
19580 1557871959
19580 1557871959
19580 1557871959
19580 1557871959
19580 1557871959
19580 1557871959
19580 1557871959
19580 1557871959
19560 1557871959
19580 1557871959
19580 1557871959
19580 1557871959
19580 1557871959
19580 1557871959
19580 1557871959
19580 1557871959
19580 1557871959
19580 1557871959
19580 1557871959
19580 1557871959
19560 1557871959
19580 1557871959
19560 1557871959
19560 1557871959
19580 1557871959
19560 1557871959
19580 1557871959
19580 1557871959
19580 1557871959
19580 1557871959
19560 1557871959
19580 1557871959
19580 1557871959
19560 1557871959
19580 1557871959
19580 1557871959
19580 1557871959
19580 1557871959
19560 1557871959
19580 1557871959
19580 1557871959
19580 1557871959
19580 1557871959
19580 1557871959
19580 1557871959
19580 1557871959
19580 1557871959
19580 1557871959
19580 1557871959
19580 1557871959
40107 1557871959
19560 1557871959
19560 1557871959
19560 1557871959
19560 1557871959
19580 1557871959
19580 1557871959
19580 1557871959
19560 1557871959
19580 1557871959
19580 1557871960
19560 1557871960
19580 1557871960
19580 1557871960
19580 1557871960
19580 1557871960
19580 1557871960
19560 1557871960
19580 1557871960
40 1557871960
19580 1557871960
19580 1557871960
19580 1557871960
19560 1557871960
19560 1557871960
19580 1557871960
19580 1557871960
19580 1557871960
19560 1557871960
19560 1557871960
19580 1557871960
19580 1557871960
19580 1557871960
19580 1557871960
19560 1557871960
19580 1557871960
19580 1557871960
19580 1557871960
19580 1557871960
19580 1557871960
19580 1557871960
19580 1557871960
19580 1557871960
19580 1557871960
19560 1557871960
19580 1557871960
19580 1557871960
19560 1557871960
19580 1557871960
19580 1557871960
19560 1557871960
19580 1557871960
19560 1557871960
19580 1557871960
19580 1557871960
19580 1557871960
19560 1557871960
19580 1557871960
19580 1557871960
19560 1557871960
19580 1557871960
19580 1557871960
19580 1557871960
19560 1557871960
19580 1557871960
19560 1557871960
19560 1557871960
19580 1557871960
19580 1557871960
19560 1557871960
19580 1557871960
19580 1557871960
19580 1557871960
19580 1557871960
19580 1557871960
19580 1557871960
19560 1557871960
19580 1557871960
19580 1557871960
19560 1557871960
19580 1557871960
19580 1557871960
19580 1557871960
19560 1557871960
19580 1557871960
19580 1557871960
19580 1557871960
19580 1557871960
19580 1557871960
19580 1557871960
19580 1557871960
19580 1557871960
19560 1557871960
19580 1557871960
19580 1557871960
19580 1557871960
19560 1557871960
19580 1557871960
19580 1557871960
19580 1557871960
19560 1557871960
19580 1557871960
19580 1557871960
19580 1557871960
19560 1557871960
40108 1557871960
19580 1557871960
19580 1557871960
19580 1557871960
19580 1557871960
19580 1557871960
19560 1557871960
19580 1557871960
19580 1557871960
19580 1557871960
19560 1557871961
19580 1557871961
19580 1557871961
19580 1557871961
19580 1557871961
19580 1557871961
19580 1557871961
19560 1557871961
19580 1557871961
19580 1557871961
19560 1557871961
19560 1557871961
19580 1557871961
19560 1557871961
19560 1557871961
19560 1557871961
19560 1557871961
19580 1557871961
19580 1557871961
19580 1557871961
19580 1557871961
19580 1557871961
19560 1557871961
19580 1557871961
19580 1557871961
19580 1557871961
19560 1557871961
19580 1557871961
19580 1557871961
19580 1557871961
19560 1557871961
19580 1557871961
19580 1557871961
19580 1557871961
19580 1557871961
19580 1557871961
19580 1557871961
19580 1557871961
19560 1557871961
19580 1557871961
19580 1557871961
19560 1557871961
19580 1557871961
19580 1557871961
19580 1557871961
19580 1557871961
19580 1557871961
19560 1557871961
19580 1557871961
19580 1557871961
19580 1557871961
19580 1557871961
19560 1557871961
19560 1557871961
19580 1557871961
19580 1557871961
19580 1557871961
19580 1557871961
19580 1557871961
19580 1557871961
19580 1557871961
19580 1557871961
19580 1557871961
19560 1557871961
19580 1557871961
19580 1557871961
19560 1557871961
19580 1557871961
19580 1557871961
19580 1557871961
19580 1557871961
19580 1557871961
19580 1557871961
19580 1557871961
19580 1557871961
19580 1557871961
19580 1557871961
19560 1557871961
19580 1557871961
19580 1557871961
19580 1557871961
19560 1557871961
19580 1557871961
19580 1557871961
19560 1557871961
19560 1557871961
19580 1557871961
19580 1557871961
19580 1557871961
19560 1557871961
19580 1557871961
19580 1557871961
19580 1557871961
19580 1557871961
19580 1557871961
40107 1557871961
19560 1557871961
19580 1557871961
19580 1557871961
19580 1557871961
19580 1557871961
19580 1557871961
19580 1557871961
19580 1557871961
19580 1557871962
19560 1557871962
19560 1557871962
19580 1557871962
19560 1557871962
19580 1557871962
19580 1557871962
19580 1557871962
19580 1557871962
19580 1557871962
19560 1557871962
19580 1557871962
19560 1557871962
19580 1557871962
19560 1557871962
19580 1557871962
19580 1557871962
19580 1557871962
19580 1557871962
19560 1557871962
19560 1557871962
19580 1557871962
19560 1557871962
19580 1557871962
19580 1557871962
19580 1557871962
19580 1557871962
19560 1557871962
19580 1557871962
19580 1557871962
19560 1557871962
19580 1557871962
19580 1557871962
19580 1557871962
19580 1557871962
19560 1557871962
19580 1557871962
19580 1557871962
19560 1557871962
19580 1557871962
19580 1557871962
19560 1557871962
19580 1557871962
19560 1557871962
19580 1557871962
19560 1557871962
19580 1557871962
19560 1557871962
19580 1557871962
19580 1557871962
19560 1557871962
19560 1557871962
19580 1557871962
19560 1557871962
19560 1557871962
19560 1557871962
19560 1557871962
19580 1557871962
19560 1557871962
19580 1557871962
19560 1557871962
19560 1557871962
19580 1557871962
19580 1557871962
19580 1557871962
19580 1557871962
19580 1557871962
19580 1557871962
40 1557871962
19580 1557871962
19560 1557871962
19580 1557871962
19580 1557871962
19580 1557871962
19560 1557871962
19580 1557871962
19580 1557871962
19580 1557871962
19560 1557871962
19580 1557871962
19580 1557871962
19560 1557871962
19560 1557871962
19560 1557871962
19580 1557871962
19560 1557871962
19580 1557871962
19580 1557871962
19580 1557871962
19580 1557871962
19580 1557871962
19560 1557871962
19560 1557871962
19580 1557871962
19580 1557871962
40106 1557871962
19580 1557871962
19580 1557871962
19580 1557871962
19560 1557871962
19580 1557871962
19560 1557871962
19580 1557871962
19580 1557871962
19580 1557871963
19580 1557871963
19560 1557871963
19560 1557871963
19560 1557871963
19560 1557871963
19560 1557871963
19580 1557871963
19580 1557871963
19560 1557871963
19580 1557871963
19580 1557871963
19560 1557871963
19560 1557871963
19580 1557871963
19580 1557871963
19580 1557871963
19580 1557871963
19560 1557871963
19560 1557871963
19560 1557871963
19580 1557871963
19580 1557871963
19560 1557871963
19560 1557871963
19560 1557871963
19580 1557871963
19580 1557871963
19560 1557871963
19560 1557871963
19580 1557871963
19580 1557871963
19580 1557871963
19560 1557871963
19580 1557871963
19580 1557871963
19580 1557871963
19580 1557871963
19580 1557871963
19580 1557871963
19580 1557871963
19580 1557871963
19580 1557871963
40 1557871963
19560 1557871963
19560 1557871963
19560 1557871963
19560 1557871963
19580 1557871963
19580 1557871963
19560 1557871963
19580 1557871963
19580 1557871963
19580 1557871963
19580 1557871963
19580 1557871963
19560 1557871963
19560 1557871963
19580 1557871963
19580 1557871963
19580 1557871963
19560 1557871963
19580 1557871963
19580 1557871963
19580 1557871963
19580 1557871963
19580 1557871963
19560 1557871963
19560 1557871963
19580 1557871963
19560 1557871963
19580 1557871963
19580 1557871963
19580 1557871963
19580 1557871963
19580 1557871963
19580 1557871963
19580 1557871963
19580 1557871963
19580 1557871963
19580 1557871963
19580 1557871963
19580 1557871963
19580 1557871963
19560 1557871963
19580 1557871963
19560 1557871963
19580 1557871963
19580 1557871963
19560 1557871963
19580 1557871963
19580 1557871963
19580 1557871963
19560 1557871963
19560 1557871963
19580 1557871963
40109 1557871963
19580 1557871963
19560 1557871963
19580 1557871963
19580 1557871963
19560 1557871963
19560 1557871963
19580 1557871963
19580 1557871963
19560 1557871964
19580 1557871964
19580 1557871964
19580 1557871964
19560 1557871964
19560 1557871964
19580 1557871964
19560 1557871964
19560 1557871964
19560 1557871964
19580 1557871964
19580 1557871964
19580 1557871964
19580 1557871964
19560 1557871964
19560 1557871964
19580 1557871964
19560 1557871964
19580 1557871964
19580 1557871964
19580 1557871964
19560 1557871964
19580 1557871964
19580 1557871964
19560 1557871964
19580 1557871964
19580 1557871964
19580 1557871964
19580 1557871964
19580 1557871964
19580 1557871964
19580 1557871964
19560 1557871964
19560 1557871964
19580 1557871964
19580 1557871964
19560 1557871964
19580 1557871964
19580 1557871964
19580 1557871964
19580 1557871964
19580 1557871964
19580 1557871964
19580 1557871964
19560 1557871964
19560 1557871964
19580 1557871964
19560 1557871964
19580 1557871964
19580 1557871964
19560 1557871964
19560 1557871964
19560 1557871964
19580 1557871964
19580 1557871964
19560 1557871964
19580 1557871964
19580 1557871964
19580 1557871964
19580 1557871964
19580 1557871964
19560 1557871964
19560 1557871964
19580 1557871964
19560 1557871964
19580 1557871964
19580 1557871964
19580 1557871964
19580 1557871964
19580 1557871964
19580 1557871964
19580 1557871964
19560 1557871964
19580 1557871964
19560 1557871964
19580 1557871964
19580 1557871964
19560 1557871964
19580 1557871964
19560 1557871964
19580 1557871964
19580 1557871964
19580 1557871964
19580 1557871964
19580 1557871964
19580 1557871964
19580 1557871964
19560 1557871964
19580 1557871964
19560 1557871964
19580 1557871964
19580 1557871964
19580 1557871964
19580 1557871964
19560 1557871964
40110 1557871964
19580 1557871964
19580 1557871964
19560 1557871964
19560 1557871964
19560 1557871964
19580 1557871964
19580 1557871964
19580 1557871964
19560 1557871964
40 1557871965
19580 1557871965
19580 1557871965
19580 1557871965
19580 1557871965
19580 1557871965
19560 1557871965
19580 1557871965
19580 1557871965
19580 1557871965
19580 1557871965
19580 1557871965
19560 1557871965
19580 1557871965
19580 1557871965
19560 1557871965
19580 1557871965
19560 1557871965
19580 1557871965
19580 1557871965
19560 1557871965
19580 1557871965
19580 1557871965
40 1557871965
19580 1557871965
19580 1557871965
19580 1557871965
19580 1557871965
19560 1557871965
19560 1557871965
19580 1557871965
19580 1557871965
19560 1557871965
19580 1557871965
19580 1557871965
19580 1557871965
19560 1557871965
19560 1557871965
19560 1557871965
19580 1557871965
19560 1557871965
19580 1557871965
19560 1557871965
19580 1557871965
19560 1557871965
19580 1557871965
19580 1557871965
19560 1557871965
19560 1557871965
19580 1557871965
19580 1557871965
19580 1557871965
19580 1557871965
19580 1557871965
19560 1557871965
19560 1557871965
19580 1557871965
19560 1557871965
19580 1557871965
19580 1557871965
19560 1557871965
19580 1557871965
19580 1557871965
19580 1557871965
19560 1557871965
19580 1557871965
19580 1557871965
19580 1557871965
19560 1557871965
19580 1557871965
19560 1557871965
19580 1557871965
19580 1557871965
19580 1557871965
19560 1557871965
19580 1557871965
19580 1557871965
19560 1557871965
19580 1557871965
19560 1557871965
19580 1557871965
19580 1557871965
19580 1557871965
19580 1557871965
19560 1557871965
19580 1557871965
19580 1557871965
19580 1557871965
19560 1557871965
19580 1557871965
19580 1557871965
19560 1557871965
19580 1557871965
19580 1557871965
40107 1557871965
19580 1557871965
19560 1557871965
19580 1557871965
19580 1557871965
19560 1557871965
19580 1557871965
19580 1557871965
19560 1557871965
19560 1557871965
19580 1557871966
19580 1557871966
19580 1557871966
19580 1557871966
19580 1557871966
19560 1557871966
19580 1557871966
19580 1557871966
19560 1557871966
19580 1557871966
19560 1557871966
19580 1557871966
19560 1557871966
19580 1557871966
19580 1557871966
19580 1557871966
19560 1557871966
19580 1557871966
19560 1557871966
19580 1557871966
19580 1557871966
19580 1557871966
19560 1557871966
19580 1557871966
19560 1557871966
19580 1557871966
19560 1557871966
19560 1557871966
19560 1557871966
19580 1557871966
19560 1557871966
19560 1557871966
19580 1557871966
19580 1557871966
19580 1557871966
19580 1557871966
19580 1557871966
19580 1557871966
19560 1557871966
19580 1557871966
19560 1557871966
19580 1557871966
19580 1557871966
19580 1557871966
19580 1557871966
19580 1557871966
19580 1557871966
19580 1557871966
19580 1557871966
19560 1557871966
19560 1557871966
19580 1557871966
19580 1557871966
19560 1557871966
19560 1557871966
19580 1557871966
19580 1557871966
19560 1557871966
19560 1557871966
19560 1557871966
19580 1557871966
19580 1557871966
19580 1557871966
19580 1557871966
19580 1557871966
19580 1557871966
19580 1557871966
19580 1557871966
19580 1557871966
19560 1557871966
19560 1557871966
19560 1557871966
19580 1557871966
19560 1557871966
19580 1557871966
19580 1557871966
19580 1557871966
19580 1557871966
19580 1557871966
19580 1557871966
19580 1557871966
19580 1557871966
19580 1557871966
19580 1557871966
19580 1557871966
19560 1557871966
19580 1557871966
19580 1557871966
19580 1557871966
19580 1557871966
19560 1557871966
19580 1557871966
19580 1557871966
19560 1557871966
19580 1557871966
40109 1557871966
19580 1557871966
19580 1557871966
19560 1557871966
19560 1557871966
19560 1557871966
19580 1557871966
19580 1557871966
19580 1557871966
19580 1557871966
19580 1557871967
19580 1557871967
19560 1557871967
19580 1557871967
19560 1557871967
19560 1557871967
19560 1557871967
19580 1557871967
19560 1557871967
19580 1557871967
19580 1557871967
19560 1557871967
19560 1557871967
19580 1557871967
19560 1557871967
19560 1557871967
19580 1557871967
19560 1557871967
19580 1557871967
19560 1557871967
19560 1557871967
19580 1557871967
19580 1557871967
19580 1557871967
19580 1557871967
19560 1557871967
19580 1557871967
19580 1557871967
19580 1557871967
19580 1557871967
19580 1557871967
19580 1557871967
19580 1557871967
19580 1557871967
19580 1557871967
19580 1557871967
19580 1557871967
19580 1557871967
19560 1557871967
19580 1557871967
19580 1557871967
19580 1557871967
19580 1557871967
19580 1557871967
19560 1557871967
19580 1557871967
19580 1557871967
19580 1557871967
19580 1557871967
19580 1557871967
19560 1557871967
19580 1557871967
19580 1557871967
19580 1557871967
19580 1557871967
19580 1557871967
19560 1557871967
19560 1557871967
19580 1557871967
19560 1557871967
19580 1557871967
19560 1557871967
19560 1557871967
19560 1557871967
19560 1557871967
19560 1557871967
19580 1557871967
19580 1557871967
19560 1557871967
19560 1557871967
19580 1557871967
19580 1557871967
19560 1557871967
19580 1557871967
19580 1557871967
8060 1557871967
19580 1557871967
19580 1557871967
19580 1557871967
19580 1557871967
19560 1557871967
19560 1557871967
19580 1557871967
19560 1557871967
19580 1557871967
19580 1557871967
19580 1557871967
19560 1557871967
19580 1557871967
19560 1557871967
19560 1557871967
19560 1557871967
19580 1557871967
19580 1557871967
19580 1557871967
40108 1557871967
19560 1557871967
19560 1557871967
19580 1557871967
19580 1557871967
19580 1557871967
19580 1557871967
19580 1557871967
19580 1557871967
19580 1557871968
19580 1557871968
19580 1557871968
19580 1557871968
19560 1557871968
19580 1557871968
19580 1557871968
19580 1557871968
19560 1557871968
19560 1557871968
19580 1557871968
19580 1557871968
19560 1557871968
19580 1557871968
19560 1557871968
19580 1557871968
19580 1557871968
19560 1557871968
19580 1557871968
19580 1557871968
19560 1557871968
19580 1557871968
19580 1557871968
60 1557871968
19560 1557871968
19560 1557871968
19580 1557871968
19580 1557871968
19560 1557871968
19580 1557871968
19580 1557871968
19580 1557871968
19580 1557871968
19580 1557871968
19560 1557871968
19580 1557871968
19580 1557871968
19580 1557871968
19580 1557871968
19580 1557871968
19560 1557871968
19560 1557871968
19580 1557871968
19580 1557871968
19580 1557871968
19580 1557871968
19560 1557871968
19580 1557871968
19560 1557871968
19580 1557871968
19580 1557871968
19580 1557871968
19580 1557871968
19580 1557871968
19560 1557871968
19560 1557871968
19560 1557871968
19580 1557871968
19580 1557871968
19580 1557871968
19580 1557871968
19560 1557871968
19580 1557871968
19580 1557871968
19580 1557871968
19580 1557871968
19560 1557871968
19580 1557871968
19560 1557871968
19560 1557871968
19580 1557871968
19580 1557871968
19580 1557871968
19580 1557871968
19580 1557871968
19580 1557871968
19580 1557871968
19560 1557871968
19560 1557871968
19580 1557871968
19580 1557871968
19580 1557871968
19580 1557871968
19580 1557871968
19560 1557871968
19560 1557871968
19580 1557871968
19560 1557871968
19560 1557871968
40 1557871968
19560 1557871968
19580 1557871968
19580 1557871968
19580 1557871968
19560 1557871968
19560 1557871968
40106 1557871968
19560 1557871968
19580 1557871968
19580 1557871968
19560 1557871968
19580 1557871968
19580 1557871968
19580 1557871968
19560 1557871969
19580 1557871969
19560 1557871969
19560 1557871969
19580 1557871969
19580 1557871969
19580 1557871969
19560 1557871969
19560 1557871969
60 1557871969
19580 1557871969
19560 1557871969
19580 1557871969
19560 1557871969
19580 1557871969
19580 1557871969
19560 1557871969
19580 1557871969
19560 1557871969
19560 1557871969
19560 1557871969
19580 1557871969
19580 1557871969
19580 1557871969
19560 1557871969
19560 1557871969
19580 1557871969
19580 1557871969
19580 1557871969
19580 1557871969
19580 1557871969
19580 1557871969
19560 1557871969
19560 1557871969
19560 1557871969
19580 1557871969
19560 1557871969
19560 1557871969
19560 1557871969
19560 1557871969
19580 1557871969
19580 1557871969
19580 1557871969
19580 1557871969
19580 1557871969
19580 1557871969
19580 1557871969
19560 1557871969
19580 1557871969
19580 1557871969
19560 1557871969
19560 1557871969
19580 1557871969
40 1557871969
19580 1557871969
19580 1557871969
19580 1557871969
19580 1557871969
19580 1557871969
19560 1557871969
19580 1557871969
19580 1557871969
19580 1557871969
19580 1557871969
19560 1557871969
19560 1557871969
19560 1557871969
19580 1557871969
19560 1557871969
19560 1557871969
19560 1557871969
19580 1557871969
19580 1557871969
19580 1557871969
19580 1557871969
19560 1557871969
19560 1557871969
19580 1557871969
19560 1557871969
19580 1557871969
19580 1557871969
19560 1557871969
19560 1557871969
19580 1557871969
19580 1557871969
19560 1557871969
19580 1557871969
19560 1557871969
19580 1557871969
19580 1557871969
19560 1557871969
19560 1557871969
19580 1557871969
19580 1557871969
19580 1557871969
19560 1557871969
40108 1557871969
19560 1557871969
19560 1557871969
19580 1557871969
19580 1557871969
19580 1557871969
19580 1557871969
19560 1557871969
19580 1557871970
19580 1557871970
19580 1557871970
19580 1557871970
19580 1557871970
19580 1557871970
19560 1557871970
19580 1557871970
19560 1557871970
19580 1557871970
19580 1557871970
19580 1557871970
19580 1557871970
19560 1557871970
19560 1557871970
19580 1557871970
19560 1557871970
19580 1557871970
19580 1557871970
40 1557871970
19560 1557871970
19560 1557871970
19580 1557871970
19560 1557871970
19560 1557871970
19580 1557871970
19560 1557871970
19560 1557871970
19580 1557871970
19560 1557871970
19560 1557871970
19560 1557871970
19560 1557871970
19580 1557871970
19580 1557871970
40 1557871970
19580 1557871970
19580 1557871970
19580 1557871970
19580 1557871970
19560 1557871970
19560 1557871970
19560 1557871970
19580 1557871970
19580 1557871970
19560 1557871970
19580 1557871970
19580 1557871970
19580 1557871970
19580 1557871970
19580 1557871970
19560 1557871970
19580 1557871970
19580 1557871970
19580 1557871970
19580 1557871970
19580 1557871970
19580 1557871970
19580 1557871970
19580 1557871970
19560 1557871970
19560 1557871970
19560 1557871970
19580 1557871970
19580 1557871970
19560 1557871970
19580 1557871970
19560 1557871970
19580 1557871970
19580 1557871970
19560 1557871970
19560 1557871970
19560 1557871970
19560 1557871970
19560 1557871970
19560 1557871970
19560 1557871970
19560 1557871970
19560 1557871970
19580 1557871970
19560 1557871970
19560 1557871970
19560 1557871970
19560 1557871970
19580 1557871970
19580 1557871970
19560 1557871970
19580 1557871970
19580 1557871970
19580 1557871970
19560 1557871970
19580 1557871970
19560 1557871970
19580 1557871970
19580 1557871970
19560 1557871970
19580 1557871970
40109 1557871970
19580 1557871970
19580 1557871970
19560 1557871970
19580 1557871970
19580 1557871970
19580 1557871970
19580 1557871970
19560 1557871971
19560 1557871971
19560 1557871971
19580 1557871971
19580 1557871971
19580 1557871971
19560 1557871971
19580 1557871971
19560 1557871971
19560 1557871971
19560 1557871971
19580 1557871971
19560 1557871971
19560 1557871971
19560 1557871971
19560 1557871971
19580 1557871971
19580 1557871971
19560 1557871971
19580 1557871971
19580 1557871971
19560 1557871971
19580 1557871971
19580 1557871971
19560 1557871971
19560 1557871971
19560 1557871971
19580 1557871971
19560 1557871971
19580 1557871971
19580 1557871971
19560 1557871971
19560 1557871971
19580 1557871971
19560 1557871971
19580 1557871971
19560 1557871971
19560 1557871971
19580 1557871971
19580 1557871971
19560 1557871971
19580 1557871971
19580 1557871971
19580 1557871971
19580 1557871971
60 1557871971
19560 1557871971
19580 1557871971
19580 1557871971
19560 1557871971
19580 1557871971
19580 1557871971
19560 1557871971
19580 1557871971
19580 1557871971
19580 1557871971
19580 1557871971
19560 1557871971
19580 1557871971
19580 1557871971
19560 1557871971
19560 1557871971
19560 1557871971
19560 1557871971
19560 1557871971
19580 1557871971
19580 1557871971
19580 1557871971
19580 1557871971
40 1557871971
19580 1557871971
19580 1557871971
19580 1557871971
19580 1557871971
19560 1557871971
19580 1557871971
19580 1557871971
19560 1557871971
19560 1557871971
19560 1557871971
19580 1557871971
19580 1557871971
19560 1557871971
19580 1557871971
19580 1557871971
19580 1557871971
19560 1557871971
19580 1557871971
19560 1557871971
19560 1557871971
19560 1557871971
19580 1557871971
19580 1557871971
19580 1557871971
19560 1557871971
19580 1557871971
40110 1557871971
19580 1557871971
19580 1557871971
19560 1557871971
19560 1557871971
19580 1557871971
19580 1557871971
19560 1557871971
40 1557871971
19580 1557871972
19580 1557871972
19560 1557871972
19560 1557871972
19560 1557871972
19580 1557871972
19580 1557871972
19560 1557871972
19580 1557871972
19580 1557871972
19560 1557871972
19560 1557871972
19580 1557871972
19580 1557871972
19560 1557871972
19560 1557871972
19580 1557871972
19560 1557871972
19580 1557871972
19560 1557871972
19580 1557871972
19580 1557871972
19560 1557871972
19580 1557871972
19560 1557871972
19560 1557871972
19560 1557871972
19560 1557871972
19560 1557871972
19560 1557871972
19560 1557871972
19580 1557871972
19560 1557871972
19580 1557871972
19560 1557871972
19580 1557871972
19560 1557871972
19580 1557871972
19580 1557871972
19560 1557871972
19560 1557871972
19580 1557871972
19560 1557871972
19560 1557871972
19560 1557871972
19580 1557871972
19580 1557871972
19580 1557871972
19580 1557871972
19580 1557871972
19560 1557871972
19580 1557871972
19580 1557871972
19560 1557871972
19560 1557871972
19580 1557871972
19560 1557871972
19580 1557871972
19560 1557871972
19560 1557871972
19560 1557871972
19560 1557871972
19560 1557871972
19560 1557871972
19580 1557871972
19580 1557871972
19560 1557871972
19580 1557871972
19560 1557871972
19580 1557871972
19580 1557871972
19580 1557871972
19580 1557871972
19580 1557871972
19560 1557871972
19560 1557871972
19580 1557871972
19560 1557871972
19580 1557871972
19580 1557871972
19560 1557871972
19580 1557871972
19560 1557871972
19560 1557871972
19580 1557871972
19560 1557871972
19580 1557871972
19580 1557871972
19560 1557871972
19580 1557871972
19580 1557871972
19580 1557871972
19580 1557871972
19580 1557871972
19560 1557871972
19580 1557871972
40108 1557871972
19580 1557871972
19580 1557871972
19580 1557871972
19580 1557871972
19580 1557871972
19560 1557871972
19580 1557871972
19560 1557871973
19580 1557871973
19560 1557871973
19580 1557871973
19560 1557871973
19580 1557871973
19560 1557871973
19580 1557871973
19560 1557871973
19580 1557871973
19580 1557871973
19580 1557871973
19580 1557871973
19580 1557871973
19560 1557871973
19580 1557871973
19580 1557871973
19580 1557871973
19560 1557871973
19580 1557871973
19560 1557871973
19580 1557871973
19580 1557871973
19560 1557871973
19560 1557871973
19560 1557871973
19560 1557871973
19560 1557871973
19560 1557871973
19560 1557871973
19560 1557871973
19580 1557871973
19580 1557871973
19580 1557871973
19560 1557871973
19580 1557871973
19580 1557871973
19580 1557871973
19580 1557871973
19580 1557871973
19560 1557871973
19560 1557871973
19580 1557871973
19580 1557871973
19560 1557871973
19580 1557871973
19560 1557871973
19560 1557871973
19560 1557871973
19580 1557871973
19580 1557871973
19580 1557871973
19560 1557871973
19560 1557871973
19580 1557871973
19580 1557871973
19580 1557871973
19580 1557871973
19560 1557871973
19580 1557871973
19560 1557871973
19560 1557871973
19580 1557871973
19560 1557871973
19580 1557871973
19580 1557871973
19560 1557871973
19560 1557871973
19580 1557871973
19580 1557871973
19560 1557871973
19560 1557871973
19560 1557871973
19580 1557871973
19560 1557871973
19580 1557871973
19580 1557871973
19580 1557871973
19580 1557871973
19580 1557871973
19580 1557871973
19580 1557871973
19560 1557871973
19580 1557871973
19600 1557871973
19580 1557871973
19560 1557871973
19560 1557871973
19560 1557871973
19580 1557871973
19580 1557871973
19580 1557871973
19560 1557871973
19580 1557871973
19560 1557871973
19560 1557871973
40108 1557871973
19580 1557871973
19560 1557871973
19560 1557871973
19560 1557871973
19580 1557871973
19580 1557871973
19560 1557871973
19560 1557871974
19560 1557871974
19560 1557871974
19580 1557871974
19580 1557871974
19580 1557871974
19560 1557871974
19560 1557871974
19580 1557871974
19580 1557871974
19560 1557871974
19560 1557871974
40 1557871974
19580 1557871974
19580 1557871974
19560 1557871974
19580 1557871974
19580 1557871974
19560 1557871974
19580 1557871974
19580 1557871974
19580 1557871974
19560 1557871974
19580 1557871974
19560 1557871974
19560 1557871974
19560 1557871974
19580 1557871974
19580 1557871974
19560 1557871974
40 1557871974
19580 1557871974
19560 1557871974
19560 1557871974
19580 1557871974
19580 1557871974
19560 1557871974
19560 1557871974
19560 1557871974
19580 1557871974
19560 1557871974
19580 1557871974
19580 1557871974
19560 1557871974
19580 1557871974
19560 1557871974
19580 1557871974
19580 1557871974
19560 1557871974
19580 1557871974
19560 1557871974
19560 1557871974
19560 1557871974
19560 1557871974
19560 1557871974
19560 1557871974
19580 1557871974
19580 1557871974
19560 1557871974
19580 1557871974
19580 1557871974
19580 1557871974
19580 1557871974
19580 1557871974
19560 1557871974
19560 1557871974
19580 1557871974
19560 1557871974
19560 1557871974
19580 1557871974
19580 1557871974
19560 1557871974
19580 1557871974
19560 1557871974
19560 1557871974
19580 1557871974
19560 1557871974
19580 1557871974
19580 1557871974
19580 1557871974
19580 1557871974
19580 1557871974
19560 1557871974
19580 1557871974
19560 1557871974
19580 1557871974
19580 1557871974
19580 1557871974
19580 1557871974
19580 1557871974
40 1557871974
19580 1557871974
19580 1557871974
19580 1557871974
19560 1557871974
19560 1557871974
19580 1557871974
40114 1557871974
19560 1557871974
19560 1557871974
19560 1557871974
19580 1557871974
19580 1557871974
19560 1557871974
19560 1557871974
19580 1557871975
19580 1557871975
19580 1557871975
19560 1557871975
19580 1557871975
19560 1557871975
19560 1557871975
19580 1557871975
19560 1557871975
19560 1557871975
19560 1557871975
19580 1557871975
19560 1557871975
19560 1557871975
19560 1557871975
19560 1557871975
19580 1557871975
19580 1557871975
19580 1557871975
19580 1557871975
19580 1557871975
19560 1557871975
19580 1557871975
19580 1557871975
19580 1557871975
19580 1557871975
19580 1557871975
19580 1557871975
19580 1557871975
19580 1557871975
19580 1557871975
19580 1557871975
19580 1557871975
19580 1557871975
19580 1557871975
19560 1557871975
19560 1557871975
19580 1557871975
19580 1557871975
19580 1557871975
19560 1557871975
19580 1557871975
19560 1557871975
19580 1557871975
19580 1557871975
19560 1557871975
19580 1557871975
19560 1557871975
19560 1557871975
19580 1557871975
19580 1557871975
19560 1557871975
19560 1557871975
19580 1557871975
19580 1557871975
19580 1557871975
19580 1557871975
19560 1557871975
19560 1557871975
19560 1557871975
19580 1557871975
19560 1557871975
19580 1557871975
19560 1557871975
19560 1557871975
19580 1557871975
19580 1557871975
19580 1557871975
19580 1557871975
19580 1557871975
19580 1557871975
19560 1557871975
19580 1557871975
19580 1557871975
19580 1557871975
19580 1557871975
19560 1557871975
40 1557871975
19580 1557871975
19560 1557871975
19560 1557871975
19580 1557871975
19580 1557871975
19580 1557871975
19580 1557871975
19560 1557871975
19580 1557871975
19580 1557871975
19580 1557871975
19560 1557871975
19580 1557871975
19560 1557871975
19580 1557871975
19580 1557871975
19580 1557871975
40107 1557871975
19580 1557871975
19560 1557871975
19560 1557871975
19560 1557871975
19580 1557871975
19580 1557871975
19560 1557871975
19560 1557871975
19560 1557871975
19560 1557871976
19560 1557871976
19580 1557871976
19580 1557871976
19560 1557871976
19580 1557871976
19580 1557871976
19580 1557871976
19560 1557871976
19560 1557871976
19580 1557871976
19560 1557871976
19560 1557871976
19580 1557871976
19580 1557871976
19580 1557871976
19580 1557871976
19580 1557871976
19560 1557871976
19580 1557871976
19580 1557871976
19580 1557871976
19560 1557871976
19580 1557871976
19560 1557871976
19560 1557871976
19560 1557871976
19560 1557871976
19580 1557871976
19580 1557871976
19560 1557871976
19560 1557871976
19580 1557871976
19560 1557871976
19580 1557871976
19580 1557871976
19580 1557871976
19580 1557871976
19560 1557871976
19580 1557871976
19560 1557871976
19580 1557871976
19560 1557871976
19560 1557871976
19580 1557871976
19560 1557871976
19560 1557871976
19560 1557871976
19560 1557871976
19580 1557871976
19580 1557871976
19560 1557871976
19560 1557871976
19560 1557871976
19560 1557871976
19560 1557871976
19580 1557871976
19560 1557871976
19580 1557871976
19580 1557871976
19580 1557871976
19560 1557871976
19580 1557871976
19580 1557871976
19560 1557871976
19560 1557871976
19580 1557871976
19560 1557871976
19560 1557871976
19560 1557871976
19560 1557871976
19560 1557871976
19580 1557871976
19560 1557871976
19580 1557871976
19560 1557871976
19580 1557871976
19560 1557871976
19560 1557871976
19560 1557871976
19580 1557871976
19580 1557871976
19580 1557871976
19560 1557871976
19580 1557871976
19560 1557871976
19560 1557871976
19580 1557871976
19580 1557871976
19580 1557871976
19580 1557871976
19560 1557871976
19580 1557871976
19560 1557871976
19580 1557871976
19560 1557871976
40109 1557871976
19500 1557871976
19400 1557871976
19100 1557871976
18640 1557871976
18080 1557871976
17400 1557871976
16700 1557871976
15960 1557871976
15200 1557871977
14460 1557871977
13580 1557871977
12700 1557871977
11840 1557871977
11160 1557871977
10540 1557871977
10080 1557871977
9700 1557871977
9420 1557871977
9200 1557871977
9020 1557871977
8860 1557871977
8700 1557871977
8640 1557871977
8600 1557871977
8580 1557871977
8600 1557871977
8580 1557871977
8580 1557871977
8600 1557871977
8600 1557871977
8600 1557871977
8580 1557871977
8580 1557871977
8580 1557871977
8580 1557871977
8580 1557871977
8580 1557871977
8580 1557871977
8580 1557871977
8580 1557871977
8580 1557871977
8580 1557871977
8560 1557871977
8580 1557871977
8580 1557871977
8580 1557871977
8580 1557871977
8580 1557871977
8580 1557871977
8560 1557871977
8580 1557871977
8580 1557871977
8580 1557871977
8580 1557871977
8580 1557871977
8580 1557871977
8560 1557871977
8580 1557871977
60 1557871977
8580 1557871977
8580 1557871977
8580 1557871977
8580 1557871977
8580 1557871977
8580 1557871977
8560 1557871977
8560 1557871977
8580 1557871977
8560 1557871977
8580 1557871977
8580 1557871977
8580 1557871977
8580 1557871977
8580 1557871977
8580 1557871977
8580 1557871977
8560 1557871977
8580 1557871977
8580 1557871977
8560 1557871977
8580 1557871977
8580 1557871977
8580 1557871977
8580 1557871977
8580 1557871977
8580 1557871977
8580 1557871977
8580 1557871977
8580 1557871977
8560 1557871977
8580 1557871977
8580 1557871977
8560 1557871977
8580 1557871977
8580 1557871977
8580 1557871977
8560 1557871977
8560 1557871977
8560 1557871977
8580 1557871977
8560 1557871977
8580 1557871977
8560 1557871977
8580 1557871977
40107 1557871977
8560 1557871977
8580 1557871977
8560 1557871977
8580 1557871977
8580 1557871977
8580 1557871977
8580 1557871977
8560 1557871978
8560 1557871978
8560 1557871978
8580 1557871978
8560 1557871978
8560 1557871978
8580 1557871978
8560 1557871978
8580 1557871978
8580 1557871978
8560 1557871978
8580 1557871978
8560 1557871978
8560 1557871978
8580 1557871978
8580 1557871978
8580 1557871978
8560 1557871978
8560 1557871978
8580 1557871978
8580 1557871978
8580 1557871978
8580 1557871978
8560 1557871978
8580 1557871978
8580 1557871978
8580 1557871978
8560 1557871978
8560 1557871978
8580 1557871978
8560 1557871978
8560 1557871978
8560 1557871978
8580 1557871978
8580 1557871978
8560 1557871978
8580 1557871978
8560 1557871978
8560 1557871978
8580 1557871978
8560 1557871978
8580 1557871978
8560 1557871978
8560 1557871978
8580 1557871978
8580 1557871978
8560 1557871978
8560 1557871978
8580 1557871978
8560 1557871978
8580 1557871978
8560 1557871978
8580 1557871978
8560 1557871978
8560 1557871978
8560 1557871978
8560 1557871978
8580 1557871978
8580 1557871978
8580 1557871978
8580 1557871978
8580 1557871978
8580 1557871978
8580 1557871978
8580 1557871978
8580 1557871978
8580 1557871978
8560 1557871978
8580 1557871978
8580 1557871978
8580 1557871978
8580 1557871978
8560 1557871978
8560 1557871978
8560 1557871978
8560 1557871978
8560 1557871978
8560 1557871978
8580 1557871978
8580 1557871978
8560 1557871978
8580 1557871978
8580 1557871978
8560 1557871978
8560 1557871978
8560 1557871978
8580 1557871978
8560 1557871978
8580 1557871978
8580 1557871978
8560 1557871978
8580 1557871978
8580 1557871978
8560 1557871978
8580 1557871978
40107 1557871978
8560 1557871978
8580 1557871978
8580 1557871978
8560 1557871978
8580 1557871978
8560 1557871978
8580 1557871978
8580 1557871978
8580 1557871979
8560 1557871979
8560 1557871979
8560 1557871979
8560 1557871979
8580 1557871979
8580 1557871979
8580 1557871979
8580 1557871979
8560 1557871979
8560 1557871979
8580 1557871979
8580 1557871979
8580 1557871979
8580 1557871979
8560 1557871979
8580 1557871979
8580 1557871979
8580 1557871979
8580 1557871979
8560 1557871979
8560 1557871979
8580 1557871979
8580 1557871979
8580 1557871979
8560 1557871979
8560 1557871979
8560 1557871979
8560 1557871979
8580 1557871979
8580 1557871979
8580 1557871979
8560 1557871979
8580 1557871979
8560 1557871979
8580 1557871979
8560 1557871979
8580 1557871979
8580 1557871979
8580 1557871979
8560 1557871979
8560 1557871979
8580 1557871979
8560 1557871979
8560 1557871979
8560 1557871979
8580 1557871979
8560 1557871979
8560 1557871979
8580 1557871979
8580 1557871979
8560 1557871979
8560 1557871979
8560 1557871979
8580 1557871979
8560 1557871979
8560 1557871979
8560 1557871979
40 1557871979
8560 1557871979
8560 1557871979
8580 1557871979
8560 1557871979
8580 1557871979
8580 1557871979
8560 1557871979
8580 1557871979
8580 1557871979
8580 1557871979
8580 1557871979
8560 1557871979
8560 1557871979
8560 1557871979
8560 1557871979
8580 1557871979
8560 1557871979
8580 1557871979
8560 1557871979
8580 1557871979
8580 1557871979
8580 1557871979
8580 1557871979
8560 1557871979
8560 1557871979
8560 1557871979
8560 1557871979
8560 1557871979
8580 1557871979
8560 1557871979
8580 1557871979
8560 1557871979
8580 1557871979
8560 1557871979
8560 1557871979
8560 1557871979
8580 1557871979
8560 1557871979
40112 1557871979
8560 1557871979
8580 1557871979
8560 1557871979
8560 1557871979
8580 1557871979
8580 1557871979
8560 1557871979
8580 1557871980
8580 1557871980
8560 1557871980
8580 1557871980
8560 1557871980
8580 1557871980
8580 1557871980
8560 1557871980
8580 1557871980
8560 1557871980
8560 1557871980
8560 1557871980
8560 1557871980
8560 1557871980
8580 1557871980
8560 1557871980
8560 1557871980
8560 1557871980
8560 1557871980
8560 1557871980
8580 1557871980
8560 1557871980
40 1557871980
8560 1557871980
8560 1557871980
8580 1557871980
8560 1557871980
8580 1557871980
8580 1557871980
8580 1557871980
8580 1557871980
8560 1557871980
8560 1557871980
8580 1557871980
8580 1557871980
8580 1557871980
8580 1557871980
8560 1557871980
8580 1557871980
8560 1557871980
8560 1557871980
8580 1557871980
8560 1557871980
8560 1557871980
8580 1557871980
8560 1557871980
8560 1557871980
8560 1557871980
8560 1557871980
8560 1557871980
8560 1557871980
8560 1557871980
8560 1557871980
8560 1557871980
8580 1557871980
8580 1557871980
8580 1557871980
8560 1557871980
8580 1557871980
8560 1557871980
8560 1557871980
8580 1557871980
8560 1557871980
8560 1557871980
8560 1557871980
8560 1557871980
8560 1557871980
8560 1557871980
8580 1557871980
8580 1557871980
8560 1557871980
8580 1557871980
8580 1557871980
8580 1557871980
8580 1557871980
8580 1557871980
8560 1557871980
8560 1557871980
40 1557871980
8560 1557871980
8580 1557871980
8580 1557871980
8560 1557871980
8580 1557871980
40 1557871980
8560 1557871980
8560 1557871980
8560 1557871980
8560 1557871980
8580 1557871980
8580 1557871980
8560 1557871980
8560 1557871980
8580 1557871980
8560 1557871980
8580 1557871980
8580 1557871980
40111 1557871980
8560 1557871980
8580 1557871980
8560 1557871980
8560 1557871980
8580 1557871980
8560 1557871980
8560 1557871980
8580 1557871981
8560 1557871981
8560 1557871981
8580 1557871981
8580 1557871981
8560 1557871981
8560 1557871981
8560 1557871981
8560 1557871981
8580 1557871981
8580 1557871981
8560 1557871981
8560 1557871981
8580 1557871981
8560 1557871981
8580 1557871981
8560 1557871981
8580 1557871981
8560 1557871981
8580 1557871981
8580 1557871981
8560 1557871981
8560 1557871981
8580 1557871981
8580 1557871981
8580 1557871981
8560 1557871981
8560 1557871981
8560 1557871981
8560 1557871981
8560 1557871981
8560 1557871981
8560 1557871981
40 1557871981
8560 1557871981
8560 1557871981
8560 1557871981
8580 1557871981
8560 1557871981
8560 1557871981
8560 1557871981
8560 1557871981
8560 1557871981
8560 1557871981
8580 1557871981
8560 1557871981
8580 1557871981
8580 1557871981
8580 1557871981
8580 1557871981
8580 1557871981
8580 1557871981
8560 1557871981
8560 1557871981
8560 1557871981
8580 1557871981
8560 1557871981
8560 1557871981
8560 1557871981
8560 1557871981
8560 1557871981
8560 1557871981
8560 1557871981
8580 1557871981
8560 1557871981
8580 1557871981
8560 1557871981
8580 1557871981
8560 1557871981
8580 1557871981
8560 1557871981
8560 1557871981
8560 1557871981
8560 1557871981
8560 1557871981
8560 1557871981
8560 1557871981
8560 1557871981
8560 1557871981
8560 1557871981
8560 1557871981
8580 1557871981
8560 1557871981
8560 1557871981
8560 1557871981
8580 1557871981
8560 1557871981
8580 1557871981
8580 1557871981
8580 1557871981
8560 1557871981
8560 1557871981
8580 1557871981
8580 1557871981
8560 1557871981
8580 1557871981
40106 1557871981
8580 1557871981
8560 1557871981
8560 1557871981
8560 1557871981
8560 1557871981
8560 1557871981
8580 1557871981
8560 1557871982
8560 1557871982
8560 1557871982
8560 1557871982
8560 1557871982
8560 1557871982
8580 1557871982
8580 1557871982
8580 1557871982
8560 1557871982
8580 1557871982
8580 1557871982
8560 1557871982
8580 1557871982
8560 1557871982
8560 1557871982
8560 1557871982
8580 1557871982
8560 1557871982
8560 1557871982
8560 1557871982
8560 1557871982
8560 1557871982
8580 1557871982
8580 1557871982
8580 1557871982
8560 1557871982
8560 1557871982
8560 1557871982
8580 1557871982
8580 1557871982
8580 1557871982
8560 1557871982
8580 1557871982
8580 1557871982
8560 1557871982
8560 1557871982
8560 1557871982
8560 1557871982
8580 1557871982
8560 1557871982
8580 1557871982
8560 1557871982
8580 1557871982
8560 1557871982
8560 1557871982
8560 1557871982
8580 1557871982
8560 1557871982
40 1557871982
8560 1557871982
8580 1557871982
8560 1557871982
8560 1557871982
8560 1557871982
8560 1557871982
8560 1557871982
8560 1557871982
8580 1557871982
8560 1557871982
8560 1557871982
8580 1557871982
8560 1557871982
8560 1557871982
8560 1557871982
8560 1557871982
8560 1557871982
8560 1557871982
8580 1557871982
8580 1557871982
8560 1557871982
8580 1557871982
8580 1557871982
8580 1557871982
8560 1557871982
8580 1557871982
8560 1557871982
8560 1557871982
8580 1557871982
8580 1557871982
8580 1557871982
8580 1557871982
8560 1557871982
8560 1557871982
8560 1557871982
8560 1557871982
8560 1557871982
8560 1557871982
8580 1557871982
8580 1557871982
8560 1557871982
8580 1557871982
8560 1557871982
8560 1557871982
8580 1557871982
8560 1557871982
40111 1557871982
8560 1557871982
8560 1557871982
8560 1557871982
8580 1557871982
8560 1557871982
8580 1557871982
8560 1557871982
8560 1557871982
8560 1557871983
8580 1557871983
8560 1557871983
8580 1557871983
8580 1557871983
8580 1557871983
8560 1557871983
8560 1557871983
8560 1557871983
8560 1557871983
8560 1557871983
8560 1557871983
8560 1557871983
8560 1557871983
8580 1557871983
8560 1557871983
8560 1557871983
8560 1557871983
8560 1557871983
8560 1557871983
8560 1557871983
8560 1557871983
8560 1557871983
8580 1557871983
8560 1557871983
8560 1557871983
8580 1557871983
8580 1557871983
8580 1557871983
8560 1557871983
8560 1557871983
8560 1557871983
8560 1557871983
8580 1557871983
8560 1557871983
8560 1557871983
8580 1557871983
8580 1557871983
8560 1557871983
8560 1557871983
8560 1557871983
8560 1557871983
8560 1557871983
8560 1557871983
8560 1557871983
8560 1557871983
8560 1557871983
8560 1557871983
8560 1557871983
8580 1557871983
8560 1557871983
8580 1557871983
8560 1557871983
8560 1557871983
8580 1557871983
8560 1557871983
8560 1557871983
8580 1557871983
8580 1557871983
8580 1557871983
8560 1557871983
8580 1557871983
8560 1557871983
8560 1557871983
8560 1557871983
8580 1557871983
8580 1557871983
8560 1557871983
8560 1557871983
8560 1557871983
8580 1557871983
8560 1557871983
8560 1557871983
8580 1557871983
8560 1557871983
8560 1557871983
40 1557871983
8580 1557871983
8560 1557871983
8560 1557871983
8560 1557871983
8560 1557871983
8560 1557871983
8580 1557871983
8560 1557871983
8560 1557871983
8580 1557871983
8560 1557871983
40 1557871983
8560 1557871983
8580 1557871983
8560 1557871983
8560 1557871983
8560 1557871983
8580 1557871983
8560 1557871983
40107 1557871983
8560 1557871983
8560 1557871983
8580 1557871983
8560 1557871983
8580 1557871983
8560 1557871983
8560 1557871983
8580 1557871984
8560 1557871984
8560 1557871984
8580 1557871984
8580 1557871984
8560 1557871984
8560 1557871984
8580 1557871984
8580 1557871984
8560 1557871984
8560 1557871984
8580 1557871984
8560 1557871984
8560 1557871984
8580 1557871984
8560 1557871984
8560 1557871984
8560 1557871984
8560 1557871984
8560 1557871984
8560 1557871984
8580 1557871984
8560 1557871984
8580 1557871984
8580 1557871984
8560 1557871984
8560 1557871984
8560 1557871984
8560 1557871984
8560 1557871984
8560 1557871984
8580 1557871984
8560 1557871984
8580 1557871984
8560 1557871984
8580 1557871984
8560 1557871984
8560 1557871984
8560 1557871984
8560 1557871984
8560 1557871984
8580 1557871984
8580 1557871984
8560 1557871984
8560 1557871984
8560 1557871984
8560 1557871984
8560 1557871984
8560 1557871984
8560 1557871984
8580 1557871984
8560 1557871984
8560 1557871984
8560 1557871984
8580 1557871984
8580 1557871984
8560 1557871984
8580 1557871984
8580 1557871984
60 1557871984
8560 1557871984
8580 1557871984
8560 1557871984
8560 1557871984
8560 1557871984
8560 1557871984
8560 1557871984
8580 1557871984
8560 1557871984
8560 1557871984
8580 1557871984
8580 1557871984
8560 1557871984
8560 1557871984
8560 1557871984
8560 1557871984
8560 1557871984
8560 1557871984
8560 1557871984
8560 1557871984
8580 1557871984
8580 1557871984
8560 1557871984
8560 1557871984
8580 1557871984
8560 1557871984
8560 1557871984
8560 1557871984
8580 1557871984
8580 1557871984
8560 1557871984
8560 1557871984
8560 1557871984
8580 1557871984
8560 1557871984
8560 1557871984
40107 1557871984
8560 1557871984
8580 1557871984
8580 1557871984
8560 1557871984
8560 1557871984
8580 1557871984
8560 1557871984
8560 1557871984
8560 1557871985
8560 1557871985
8560 1557871985
8560 1557871985
8560 1557871985
8580 1557871985
8580 1557871985
8580 1557871985
8560 1557871985
8560 1557871985
8560 1557871985
8560 1557871985
8560 1557871985
8560 1557871985
8560 1557871985
8580 1557871985
8560 1557871985
8560 1557871985
8580 1557871985
8560 1557871985
8560 1557871985
8560 1557871985
8580 1557871985
8560 1557871985
8560 1557871985
8560 1557871985
8560 1557871985
8560 1557871985
8580 1557871985
8560 1557871985
8560 1557871985
8560 1557871985
8560 1557871985
8560 1557871985
8560 1557871985
8580 1557871985
8560 1557871985
8560 1557871985
8560 1557871985
8560 1557871985
8560 1557871985
8560 1557871985
8580 1557871985
8560 1557871985
8560 1557871985
8580 1557871985
8560 1557871985
8560 1557871985
8560 1557871985
8580 1557871985
8580 1557871985
8560 1557871985
8560 1557871985
8560 1557871985
8580 1557871985
8560 1557871985
8560 1557871985
8560 1557871985
8560 1557871985
8580 1557871985
8580 1557871985
8580 1557871985
8580 1557871985
8560 1557871985
8580 1557871985
8580 1557871985
8560 1557871985
8560 1557871985
8580 1557871985
8560 1557871985
8580 1557871985
8580 1557871985
8560 1557871985
8560 1557871985
8560 1557871985
8560 1557871985
8560 1557871985
8560 1557871985
8580 1557871985
8560 1557871985
8580 1557871985
8560 1557871985
8560 1557871985
8560 1557871985
8560 1557871985
8560 1557871985
8560 1557871985
8580 1557871985
8560 1557871985
8580 1557871985
8560 1557871985
8580 1557871985
8560 1557871985
8560 1557871985
8560 1557871985
40106 1557871985
8580 1557871985
8580 1557871985
8580 1557871985
8560 1557871985
8560 1557871985
8560 1557871985
8560 1557871985
8560 1557871986
8580 1557871986
8560 1557871986
8560 1557871986
8560 1557871986
8580 1557871986
8560 1557871986
8560 1557871986
8560 1557871986
8580 1557871986
8560 1557871986
8560 1557871986
8560 1557871986
8560 1557871986
8560 1557871986
8560 1557871986
8560 1557871986
8560 1557871986
8580 1557871986
8560 1557871986
8560 1557871986
8580 1557871986
8560 1557871986
8560 1557871986
8580 1557871986
8560 1557871986
8560 1557871986
8580 1557871986
8560 1557871986
8560 1557871986
8560 1557871986
8580 1557871986
8560 1557871986
8580 1557871986
8580 1557871986
8560 1557871986
8560 1557871986
8560 1557871986
8560 1557871986
8560 1557871986
8560 1557871986
8560 1557871986
8580 1557871986
8560 1557871986
8560 1557871986
8580 1557871986
8560 1557871986
8560 1557871986
8580 1557871986
8560 1557871986
8580 1557871986
8560 1557871986
8560 1557871986
8560 1557871986
8560 1557871986
8560 1557871986
8560 1557871986
8560 1557871986
8560 1557871986
8560 1557871986
8560 1557871986
8560 1557871986
8560 1557871986
8560 1557871986
8560 1557871986
8560 1557871986
8560 1557871986
8560 1557871986
8560 1557871986
8560 1557871986
8560 1557871986
8560 1557871986
8560 1557871986
8560 1557871986
8560 1557871986
8580 1557871986
8560 1557871986
8560 1557871986
8580 1557871986
8560 1557871986
8560 1557871986
8560 1557871986
8560 1557871986
8560 1557871986
8560 1557871986
8560 1557871986
8580 1557871986
8560 1557871986
8560 1557871986
8560 1557871986
8560 1557871986
8560 1557871986
8560 1557871986
8580 1557871986
8560 1557871986
8580 1557871986
8560 1557871986
40108 1557871986
8560 1557871986
8560 1557871986
8560 1557871986
8560 1557871986
8560 1557871986
8580 1557871986
8560 1557871986
8560 1557871987
8560 1557871987
8560 1557871987
8560 1557871987
8580 1557871987
8560 1557871987
8560 1557871987
8560 1557871987
8560 1557871987
8560 1557871987
8560 1557871987
8580 1557871987
8560 1557871987
8560 1557871987
8560 1557871987
8560 1557871987
8560 1557871987
8560 1557871987
8560 1557871987
8560 1557871987
8560 1557871987
8560 1557871987
8580 1557871987
8560 1557871987
40 1557871987
8560 1557871987
8560 1557871987
8560 1557871987
8560 1557871987
8560 1557871987
8560 1557871987
8560 1557871987
8560 1557871987
8560 1557871987
8560 1557871987
8580 1557871987
8560 1557871987
8560 1557871987
8560 1557871987
8560 1557871987
8580 1557871987
8580 1557871987
8560 1557871987
8560 1557871987
8560 1557871987
8560 1557871987
8560 1557871987
8560 1557871987
8560 1557871987
8560 1557871987
8560 1557871987
8560 1557871987
40 1557871987
8560 1557871987
8560 1557871987
8560 1557871987
8560 1557871987
8560 1557871987
8560 1557871987
8580 1557871987
8560 1557871987
8580 1557871987
8560 1557871987
8560 1557871987
8560 1557871987
8560 1557871987
8560 1557871987
8560 1557871987
8560 1557871987
8560 1557871987
8560 1557871987
8560 1557871987
8560 1557871987
8560 1557871987
8560 1557871987
8560 1557871987
8580 1557871987
8560 1557871987
8580 1557871987
8560 1557871987
8560 1557871987
8560 1557871987
8580 1557871987
8560 1557871987
8560 1557871987
8560 1557871987
8560 1557871987
8580 1557871987
8560 1557871987
8560 1557871987
8560 1557871987
8560 1557871987
8560 1557871987
8560 1557871987
8580 1557871987
8560 1557871987
8560 1557871987
8560 1557871987
40108 1557871987
8560 1557871987
8560 1557871987
8560 1557871987
8560 1557871987
8560 1557871987
8560 1557871988
8560 1557871988
8560 1557871988
8580 1557871988
8580 1557871988
8520 1557871988
8480 1557871988
8400 1557871988
8340 1557871988
8280 1557871988
8240 1557871988
8200 1557871988
8200 1557871988
8160 1557871988
40 1557871988
8120 1557871988
8100 1557871988
8060 1557871988
8040 1557871988
7920 1557871988
7860 1557871988
7840 1557871988
7780 1557871988
7760 1557871988
7720 1557871988
7700 1557871988
7600 1557871988
7520 1557871988
7400 1557871988
7240 1557871988
7060 1557871988
6840 1557871988
6620 1557871988
6320 1557871988
5940 1557871988
5600 1557871988
5160 1557871988
4800 1557871988
4420 1557871988
3920 1557871988
3400 1557871988
2880 1557871988
2480 1557871988
2160 1557871988
1860 1557871988
1540 1557871988
1220 1557871988
980 1557871988
620 1557871988
620 1557871988
620 1557871988
620 1557871988
40 1557871988
620 1557871988
620 1557871988
620 1557871988
640 1557871988
620 1557871988
620 1557871988
620 1557871988
620 1557871988
620 1557871988
620 1557871988
620 1557871988
640 1557871988
620 1557871988
620 1557871988
620 1557871988
620 1557871988
620 1557871988
620 1557871988
640 1557871988
620 1557871988
620 1557871988
620 1557871988
620 1557871988
620 1557871988
620 1557871988
620 1557871988
620 1557871988
620 1557871988
620 1557871988
620 1557871988
620 1557871988
620 1557871988
620 1557871988
620 1557871988
640 1557871988
40 1557871988
620 1557871988
620 1557871988
620 1557871988
620 1557871988
620 1557871988
620 1557871988
620 1557871988
640 1557871988
620 1557871988
620 1557871988
40109 1557871988
620 1557871988
620 1557871988
620 1557871988
620 1557871988
620 1557871989
620 1557871989
620 1557871989
620 1557871989
620 1557871989
620 1557871989
620 1557871989
620 1557871989
40 1557871989
620 1557871989
620 1557871989
620 1557871989
640 1557871989
620 1557871989
640 1557871989
620 1557871989
620 1557871989
620 1557871989
620 1557871989
620 1557871989
640 1557871989
620 1557871989
620 1557871989
620 1557871989
620 1557871989
620 1557871989
620 1557871989
620 1557871989
620 1557871989
620 1557871989
620 1557871989
640 1557871989
620 1557871989
40 1557871989
620 1557871989
620 1557871989
620 1557871989
620 1557871989
620 1557871989
640 1557871989
620 1557871989
620 1557871989
620 1557871989
620 1557871989
620 1557871989
620 1557871989
620 1557871989
620 1557871989
620 1557871989
640 1557871989
620 1557871989
620 1557871989
620 1557871989
640 1557871989
620 1557871989
620 1557871989
620 1557871989
620 1557871989
40 1557871989
620 1557871989
640 1557871989
640 1557871989
620 1557871989
620 1557871989
620 1557871989
620 1557871989
620 1557871989
620 1557871989
640 1557871989
620 1557871989
640 1557871989
620 1557871989
620 1557871989
620 1557871989
620 1557871989
620 1557871989
620 1557871989
620 1557871989
620 1557871989
620 1557871989
640 1557871989
620 1557871989
620 1557871989
640 1557871989
620 1557871989
640 1557871989
620 1557871989
620 1557871989
620 1557871989
640 1557871989
620 1557871989
620 1557871989
620 1557871989
620 1557871989
620 1557871989
620 1557871989
620 1557871989
620 1557871989
620 1557871989
40106 1557871989
620 1557871989
640 1557871989
620 1557871989
620 1557871989
620 1557871989
620 1557871990
640 1557871990
620 1557871990
620 1557871990
620 1557871990
620 1557871990
620 1557871990
620 1557871990
640 1557871990
620 1557871990
620 1557871990
620 1557871990
620 1557871990
620 1557871990
620 1557871990
620 1557871990
620 1557871990
620 1557871990
620 1557871990
620 1557871990
640 1557871990
620 1557871990
620 1557871990
620 1557871990
640 1557871990
620 1557871990
620 1557871990
640 1557871990
640 1557871990
620 1557871990
620 1557871990
640 1557871990
620 1557871990
620 1557871990
620 1557871990
620 1557871990
620 1557871990
40 1557871990
620 1557871990
620 1557871990
620 1557871990
620 1557871990
620 1557871990
620 1557871990
620 1557871990
620 1557871990
620 1557871990
620 1557871990
620 1557871990
620 1557871990
620 1557871990
620 1557871990
620 1557871990
620 1557871990
620 1557871990
620 1557871990
620 1557871990
620 1557871990
620 1557871990
620 1557871990
620 1557871990
640 1557871990
620 1557871990
620 1557871990
620 1557871990
620 1557871990
620 1557871990
620 1557871990
620 1557871990
620 1557871990
620 1557871990
640 1557871990
620 1557871990
620 1557871990
620 1557871990
620 1557871990
620 1557871990
640 1557871990
620 1557871990
640 1557871990
620 1557871990
620 1557871990
620 1557871990
620 1557871990
620 1557871990
620 1557871990
620 1557871990
640 1557871990
640 1557871990
620 1557871990
620 1557871990
620 1557871990
620 1557871990
620 1557871990
640 1557871990
620 1557871990
620 1557871990
640 1557871990
40108 1557871990
640 1557871990
620 1557871990
620 1557871990
620 1557871990
620 1557871990
640 1557871991
620 1557871991
620 1557871991
640 1557871991
620 1557871991
620 1557871991
620 1557871991
620 1557871991
620 1557871991
620 1557871991
620 1557871991
620 1557871991
620 1557871991
640 1557871991
620 1557871991
620 1557871991
620 1557871991
620 1557871991
620 1557871991
620 1557871991
620 1557871991
620 1557871991
620 1557871991
620 1557871991
620 1557871991
620 1557871991
620 1557871991
620 1557871991
620 1557871991
620 1557871991
620 1557871991
620 1557871991
620 1557871991
620 1557871991
620 1557871991
620 1557871991
620 1557871991
620 1557871991
640 1557871991
620 1557871991
620 1557871991
620 1557871991
620 1557871991
620 1557871991
620 1557871991
620 1557871991
620 1557871991
620 1557871991
620 1557871991
620 1557871991
620 1557871991
640 1557871991
620 1557871991
620 1557871991
620 1557871991
640 1557871991
620 1557871991
620 1557871991
620 1557871991
620 1557871991
620 1557871991
620 1557871991
620 1557871991
620 1557871991
620 1557871991
620 1557871991
640 1557871991
620 1557871991
620 1557871991
620 1557871991
620 1557871991
620 1557871991
640 1557871991
620 1557871991
620 1557871991
620 1557871991
620 1557871991
620 1557871991
640 1557871991
620 1557871991
620 1557871991
620 1557871991
620 1557871991
620 1557871991
640 1557871991
640 1557871991
620 1557871991
620 1557871991
620 1557871991
620 1557871991
620 1557871991
640 1557871991
620 1557871991
640 1557871991
620 1557871991
620 1557871991
620 1557871991
620 1557871991
620 1557871991
40106 1557871991
620 1557871991
620 1557871991
620 1557871991
640 1557871991
620 1557871991
620 1557871992
620 1557871992
620 1557871992
620 1557871992
620 1557871992
640 1557871992
620 1557871992
620 1557871992
620 1557871992
620 1557871992
620 1557871992
620 1557871992
620 1557871992
620 1557871992
620 1557871992
620 1557871992
620 1557871992
620 1557871992
620 1557871992
620 1557871992
620 1557871992
620 1557871992
620 1557871992
620 1557871992
620 1557871992
620 1557871992
620 1557871992
620 1557871992
620 1557871992
620 1557871992
620 1557871992
620 1557871992
640 1557871992
620 1557871992
620 1557871992
620 1557871992
620 1557871992
620 1557871992
620 1557871992
620 1557871992
620 1557871992
620 1557871992
620 1557871992
40 1557871992
620 1557871992
620 1557871992
620 1557871992
620 1557871992
640 1557871992
620 1557871992
620 1557871992
620 1557871992
620 1557871992
620 1557871992
640 1557871992
620 1557871992
640 1557871992
620 1557871992
620 1557871992
620 1557871992
620 1557871992
620 1557871992
620 1557871992
640 1557871992
620 1557871992
640 1557871992
620 1557871992
620 1557871992
640 1557871992
620 1557871992
620 1557871992
640 1557871992
620 1557871992
640 1557871992
620 1557871992
620 1557871992
620 1557871992
620 1557871992
620 1557871992
620 1557871992
620 1557871992
620 1557871992
620 1557871992
620 1557871992
620 1557871992
640 1557871992
620 1557871992
620 1557871992
620 1557871992
620 1557871992
620 1557871992
640 1557871992
620 1557871992
620 1557871992
620 1557871992
620 1557871992
640 1557871992
620 1557871992
40109 1557871992
620 1557871992
620 1557871992
620 1557871992
620 1557871992
620 1557871992
620 1557871993
620 1557871993
640 1557871993
620 1557871993
640 1557871993
640 1557871993
620 1557871993
620 1557871993
620 1557871993
620 1557871993
620 1557871993
620 1557871993
620 1557871993
620 1557871993
620 1557871993
620 1557871993
620 1557871993
620 1557871993
620 1557871993
620 1557871993
620 1557871993
640 1557871993
620 1557871993
640 1557871993
620 1557871993
620 1557871993
620 1557871993
640 1557871993
620 1557871993
620 1557871993
620 1557871993
620 1557871993
620 1557871993
620 1557871993
640 1557871993
620 1557871993
620 1557871993
620 1557871993
620 1557871993
620 1557871993
640 1557871993
40 1557871993
620 1557871993
640 1557871993
620 1557871993
620 1557871993
620 1557871993
40 1557871993
620 1557871993
620 1557871993
620 1557871993
640 1557871993
640 1557871993
620 1557871993
620 1557871993
620 1557871993
620 1557871993
620 1557871993
620 1557871993
620 1557871993
620 1557871993
640 1557871993
620 1557871993
640 1557871993
620 1557871993
40075 1557871993
40000 1557871994
40000 1557871995
40000 1557871996
40000 1557871997
40000 1557871998
40000 1557871999
