40000 1558079040
40000 1558079041
4920 1558079041
580 1558079042
2880 1558079042
200 1558079042
120 1558079042
1240 1558079042
940 1558079042
40019 1558079042
740 1558079042
720 1558079042
80 1558079043
3120 1558079043
100 1558079043
40019 1558079043
1700 1558079043
1120 1558079044
1880 1558079044
40019 1558079044
3560 1558079044
700 1558079044
800 1558079044
3540 1558079044
140 1558079045
800 1558079045
140 1558079045
3320 1558079045
40018 1558079045
1780 1558079045
480 1558079045
1100 1558079046
60 1558079046
40019 1558079046
3000 1558079046
9000 1558079047
360 1558079047
5740 1558079047
1300 1558079047
1240 1558079047
60 1558079047
40019 1558079047
1180 1558079047
3820 1558079048
7740 1558079048
3600 1558079048
340 1558079048
2580 1558079048
2580 1558079048
2520 1558079048
40019 1558079048
1400 1558079048
2780 1558079048
1240 1558079048
4240 1558079049
240 1558079049
40018 1558079049
3680 1558079049
100 1558079049
920 1558079049
540 1558079049
1880 1558079050
2820 1558079050
10480 1558079050
40019 1558079050
2300 1558079050
5160 1558079050
1960 1558079051
1160 1558079051
1480 1558079051
40019 1558079051
3300 1558079051
520 1558079052
7460 1558079052
500 1558079052
40019 1558079052
4740 1558079052
2760 1558079052
3380 1558079053
1620 1558079053
100 1558079053
40019 1558079053
1120 1558079053
260 1558079053
1220 1558079054
5040 1558079054
40019 1558079054
300 1558079054
280 1558079055
120 1558079055
480 1558079055
820 1558079055
1200 1558079055
40019 1558079055
140 1558079055
2620 1558079055
2340 1558079055
700 1558079056
680 1558079056
40019 1558079056
2480 1558079056
520 1558079056
3220 1558079056
4420 1558079057
520 1558079057
4320 1558079057
40019 1558079057
200 1558079057
2420 1558079058
1480 1558079058
380 1558079058
40019 1558079058
2740 1558079059
19760 1558079059
640 1558079059
40019 1558079059
1060 1558079059
4180 1558079059
2580 1558079059
9660 1558079059
160 1558079060
1080 1558079060
6420 1558079060
80 1558079060
40019 1558079060
700 1558079060
6620 1558079061
40019 1558079061
4020 1558079061
580 1558079062
3380 1558079062
40020 1558079062
4420 1558079062
220 1558079062
1400 1558079063
2260 1558079063
2000 1558079063
5760 1558079063
40018 1558079063
2440 1558079063
1140 1558079063
3040 1558079064
40019 1558079064
1440 1558079064
1980 1558079065
1000 1558079065
1020 1558079065
480 1558079065
800 1558079065
40019 1558079065
1280 1558079065
2880 1558079065
8540 1558079066
1820 1558079066
940 1558079066
60 1558079066
2700 1558079066
40019 1558079066
120 1558079066
380 1558079066
2760 1558079066
1840 1558079066
4160 1558079067
2060 1558079067
3340 1558079067
40018 1558079067
960 1558079067
1640 1558079068
1420 1558079068
3840 1558079068
5820 1558079068
120 1558079068
40019 1558079068
260 1558079068
9520 1558079069
100 1558079069
600 1558079069
40019 1558079069
160 1558079069
2540 1558079069
1880 1558079070
1780 1558079070
1920 1558079070
40019 1558079070
40 1558079070
400 1558079070
1500 1558079070
20 1558079071
1500 1558079071
640 1558079071
520 1558079071
40018 1558079071
220 1558079071
3920 1558079071
1280 1558079071
2500 1558079071
900 1558079072
1560 1558079072
460 1558079072
760 1558079072
40018 1558079072
440 1558079072
4260 1558079072
2480 1558079072
5900 1558079073
820 1558079073
40 1558079073
620 1558079073
2080 1558079073
40018 1558079073
40 1558079073
4900 1558079074
40019 1558079074
2940 1558079074
120 1558079075
20 1558079075
900 1558079075
40019 1558079075
940 1558079075
1660 1558079076
40 1558079076
1080 1558079076
1360 1558079076
40019 1558079076
220 1558079076
480 1558079076
2440 1558079077
40019 1558079077
580 1558079077
400 1558079078
920 1558079078
1220 1558079078
1000 1558079078
7620 1558079078
40019 1558079078
640 1558079079
40019 1558079079
2320 1558079079
6280 1558079079
3840 1558079080
1040 1558079080
40019 1558079080
960 1558079080
560 1558079080
1020 1558079081
3900 1558079081
240 1558079081
40019 1558079081
440 1558079081
940 1558079081
2120 1558079081
320 1558079082
7600 1558079082
0 1558079082
17560 1558079082
2260 1558079082
3420 1558079082
1580 1558079082
40019 1558079082
760 1558079082
420 1558079083
2100 1558079083
40019 1558079083
1440 1558079083
3480 1558079084
1460 1558079084
480 1558079084
40019 1558079084
2580 1558079084
3840 1558079084
1900 1558079084
2520 1558079085
80 1558079085
40019 1558079085
1300 1558079085
5340 1558079085
1500 1558079085
540 1558079086
100 1558079086
8380 1558079086
40019 1558079086
2140 1558079086
1900 1558079086
3280 1558079087
1500 1558079087
120 1558079087
660 1558079087
5500 1558079087
40018 1558079087
980 1558079087
120 1558079088
3000 1558079088
2320 1558079088
3980 1558079088
40019 1558079088
2180 1558079088
380 1558079088
80 1558079089
1140 1558079089
3380 1558079089
40019 1558079089
2040 1558079089
1220 1558079089
3600 1558079090
9000 1558079090
40019 1558079090
580 1558079090
4120 1558079090
540 1558079091
40019 1558079091
1740 1558079091
2940 1558079091
4720 1558079091
1380 1558079092
6620 1558079092
360 1558079092
2640 1558079092
1940 1558079092
40019 1558079092
1140 1558079093
200 1558079093
2900 1558079093
11180 1558079093
40019 1558079093
0 1558079093
2880 1558079093
6420 1558079094
4820 1558079094
1980 1558079094
4840 1558079094
2980 1558079094
200 1558079094
40018 1558079094
820 1558079094
160 1558079095
2860 1558079095
3800 1558079095
2920 1558079095
40019 1558079095
140 1558079096
1900 1558079096
280 1558079096
14480 1558079096
920 1558079096
40019 1558079096
500 1558079096
60 1558079097
1080 1558079097
5740 1558079097
1240 1558079097
2800 1558079097
40019 1558079097
2400 1558079097
2840 1558079098
480 1558079098
420 1558079098
40019 1558079098
100 1558079099
2820 1558079099
40019 1558079099
2900 1558079099
40 1558079099
2340 1558079100
700 1558079100
1660 1558079100
580 1558079100
40018 1558079100
3580 1558079100
1280 1558079101
10480 1558079101
7680 1558079101
3260 1558079101
40019 1558079101
1240 1558079101
960 1558079101
240 1558079101
560 1558079102
3140 1558079102
880 1558079102
4400 1558079102
520 1558079102
3000 1558079102
40018 1558079102
1520 1558079102
2300 1558079102
40 1558079103
60 1558079103
920 1558079103
40019 1558079103
480 1558079103
2860 1558079104
40019 1558079104
2500 1558079104
6520 1558079105
1640 1558079105
280 1558079105
5560 1558079105
40019 1558079105
60 1558079105
200 1558079106
2100 1558079106
20 1558079106
1180 1558079106
2700 1558079106
2880 1558079106
40018 1558079106
1640 1558079106
960 1558079106
4140 1558079107
300 1558079107
7120 1558079107
40018 1558079107
1240 1558079107
920 1558079107
1240 1558079107
1300 1558079108
260 1558079108
1820 1558079108
40019 1558079108
2640 1558079108
2200 1558079108
3440 1558079108
40019 1558079109
1000 1558079109
4080 1558079110
80 1558079110
1220 1558079110
8700 1558079110
40018 1558079110
660 1558079110
20 1558079111
40019 1558079111
11420 1558079111
1300 1558079111
2420 1558079112
40019 1558079112
2940 1558079112
2220 1558079112
2340 1558079112
3980 1558079113
1220 1558079113
880 1558079113
40018 1558079113
80 1558079113
5800 1558079113
320 1558079114
1700 1558079114
1860 1558079114
40019 1558079114
340 1558079114
2200 1558079114
4900 1558079114
2260 1558079114
0 1558079115
1240 1558079115
40018 1558079115
2540 1558079115
480 1558079115
380 1558079116
2200 1558079116
20 1558079116
180 1558079116
1200 1558079116
40019 1558079116
2260 1558079116
1760 1558079117
740 1558079117
1840 1558079117
40018 1558079117
6320 1558079117
560 1558079117
440 1558079118
4040 1558079118
1080 1558079118
1180 1558079118
6320 1558079118
40018 1558079118
880 1558079118
60 1558079118
820 1558079118
820 1558079119
580 1558079119
0 1558079119
60 1558079119
40019 1558079119
560 1558079119
1560 1558079119
1440 1558079120
720 1558079120
1500 1558079120
40018 1558079120
2140 1558079120
380 1558079121
940 1558079121
2580 1558079121
100 1558079121
6060 1558079121
2080 1558079121
40018 1558079121
700 1558079121
340 1558079122
1920 1558079122
3420 1558079122
40019 1558079122
940 1558079122
1900 1558079122
1200 1558079123
40019 1558079123
220 1558079123
2060 1558079123
2240 1558079123
360 1558079124
2200 1558079124
1520 1558079124
1080 1558079124
1540 1558079124
40019 1558079124
1200 1558079124
2780 1558079125
680 1558079125
3540 1558079125
40018 1558079125
380 1558079125
4020 1558079125
4480 1558079125
11020 1558079126
640 1558079126
200 1558079126
4000 1558079126
40019 1558079126
1580 1558079126
2340 1558079127
420 1558079127
40019 1558079127
3380 1558079127
780 1558079128
1120 1558079128
4940 1558079128
2160 1558079128
40019 1558079128
1580 1558079128
1080 1558079128
5940 1558079128
2840 1558079129
3300 1558079129
1260 1558079129
7980 1558079129
40018 1558079129
3840 1558079129
560 1558079129
5140 1558079129
1020 1558079129
60 1558079130
2880 1558079130
40017 1558079130
2540 1558079130
9380 1558079130
720 1558079131
760 1558079131
40018 1558079131
7620 1558079131
2540 1558079131
1720 1558079131
260 1558079132
1000 1558079132
940 1558079132
1060 1558079132
40019 1558079132
1980 1558079132
140 1558079133
500 1558079133
2540 1558079133
40019 1558079133
2820 1558079133
160 1558079133
260 1558079133
2360 1558079134
1060 1558079134
40017 1558079134
2500 1558079134
440 1558079135
40018 1558079135
1500 1558079135
440 1558079136
2320 1558079136
140 1558079136
3160 1558079136
40018 1558079136
2520 1558079137
0 1558079137
3160 1558079137
40019 1558079137
1780 1558079137
20 1558079138
8540 1558079138
1800 1558079138
40019 1558079138
3640 1558079138
1400 1558079138
2580 1558079139
5620 1558079139
40019 1558079139
600 1558079139
2680 1558079140
40019 1558079140
700 1558079140
2420 1558079140
300 1558079140
2760 1558079141
680 1558079141
440 1558079141
300 1558079141
820 1558079141
2400 1558079141
40018 1558079141
1000 1558079141
1760 1558079142
2620 1558079142
660 1558079142
40019 1558079142
4880 1558079142
2160 1558079143
2220 1558079143
1440 1558079143
760 1558079143
40017 1558079143
1360 1558079143
320 1558079143
4420 1558079144
4060 1558079144
2340 1558079144
140 1558079144
1480 1558079144
40017 1558079144
1980 1558079144
140 1558079144
2380 1558079145
420 1558079145
1620 1558079145
4760 1558079145
2980 1558079145
40018 1558079145
720 1558079145
500 1558079145
2140 1558079145
1680 1558079146
4960 1558079146
2380 1558079146
120 1558079146
1760 1558079146
40018 1558079146
1800 1558079146
280 1558079146
1240 1558079146
2540 1558079147
1500 1558079147
740 1558079147
40019 1558079147
620 1558079147
180 1558079147
1720 1558079147
900 1558079148
1240 1558079148
540 1558079148
40018 1558079148
80 1558079148
1740 1558079148
2140 1558079149
620 1558079149
1300 1558079149
860 1558079149
20 1558079149
40017 1558079149
2800 1558079149
4380 1558079149
2720 1558079150
920 1558079150
2800 1558079150
3480 1558079150
320 1558079150
40019 1558079150
9260 1558079150
4240 1558079150
1980 1558079151
12600 1558079151
1060 1558079151
700 1558079151
3220 1558079151
40018 1558079151
4640 1558079151
2440 1558079151
800 1558079151
520 1558079152
440 1558079152
4280 1558079152
40019 1558079152
260 1558079152
3520 1558079152
1420 1558079152
1280 1558079153
340 1558079153
40018 1558079153
4120 1558079153
1780 1558079154
5900 1558079154
13280 1558079154
4420 1558079154
560 1558079154
40018 1558079154
4500 1558079154
1800 1558079155
1360 1558079155
4300 1558079155
40019 1558079155
3420 1558079156
7260 1558079156
40018 1558079156
1680 1558079156
80 1558079156
2900 1558079157
500 1558079157
3280 1558079157
120 1558079157
40019 1558079157
940 1558079157
4480 1558079158
6260 1558079158
1820 1558079158
3340 1558079158
2000 1558079158
1440 1558079158
40018 1558079158
6020 1558079159
40 1558079159
1760 1558079159
2260 1558079159
40019 1558079159
3320 1558079159
760 1558079159
320 1558079160
2380 1558079160
640 1558079160
40019 1558079160
300 1558079160
200 1558079160
3540 1558079161
160 1558079161
10360 1558079161
40018 1558079161
1060 1558079162
1560 1558079162
40019 1558079162
3780 1558079162
1680 1558079162
2780 1558079163
20 1558079163
1720 1558079163
2660 1558079163
40018 1558079163
1300 1558079164
4600 1558079164
11060 1558079164
400 1558079164
40019 1558079164
80 1558079164
4320 1558079164
280 1558079165
1260 1558079165
280 1558079165
4500 1558079165
2760 1558079165
2400 1558079165
40018 1558079165
1640 1558079165
7560 1558079165
3680 1558079165
3580 1558079166
860 1558079166
2780 1558079166
4220 1558079166
40019 1558079166
3660 1558079166
1220 1558079166
2340 1558079166
1580 1558079167
1040 1558079167
1820 1558079167
2600 1558079167
40018 1558079167
5400 1558079167
2720 1558079168
2060 1558079168
860 1558079168
3780 1558079168
1960 1558079168
380 1558079168
40018 1558079168
4220 1558079168
960 1558079169
2860 1558079169
800 1558079169
2660 1558079169
40019 1558079169
700 1558079169
1480 1558079170
40019 1558079170
780 1558079170
220 1558079171
1940 1558079171
40020 1558079171
1940 1558079171
820 1558079171
220 1558079172
780 1558079172
7960 1558079172
2500 1558079172
2020 1558079172
1820 1558079172
40017 1558079172
8060 1558079172
6640 1558079172
260 1558079173
680 1558079173
380 1558079173
160 1558079173
12700 1558079173
40019 1558079173
6520 1558079173
140 1558079174
960 1558079174
320 1558079174
940 1558079174
40018 1558079174
2260 1558079174
1240 1558079174
240 1558079175
180 1558079175
3500 1558079175
4240 1558079175
1800 1558079175
40019 1558079175
3080 1558079175
240 1558079175
220 1558079176
1380 1558079176
40 1558079176
40018 1558079176
200 1558079176
540 1558079177
40020 1558079177
2760 1558079177
5900 1558079177
3160 1558079178
320 1558079178
1020 1558079178
2480 1558079178
2020 1558079178
640 1558079178
11980 1558079178
40017 1558079178
3440 1558079179
3180 1558079179
1060 1558079179
1780 1558079179
1180 1558079179
40019 1558079179
2520 1558079179
900 1558079179
2740 1558079180
760 1558079180
860 1558079180
4020 1558079180
40018 1558079180
580 1558079180
14040 1558079181
2080 1558079181
40020 1558079181
540 1558079181
200 1558079182
1860 1558079182
40019 1558079182
900 1558079182
580 1558079182
4920 1558079183
900 1558079183
16940 1558079183
360 1558079183
40018 1558079183
1620 1558079184
1520 1558079184
420 1558079184
600 1558079184
40019 1558079184
4420 1558079184
80 1558079185
1240 1558079185
40019 1558079185
840 1558079185
5560 1558079185
3040 1558079186
1420 1558079186
40019 1558079186
1640 1558079187
1380 1558079187
1960 1558079187
40019 1558079187
1440 1558079187
7940 1558079188
40019 1558079188
4440 1558079188
3740 1558079189
240 1558079189
1260 1558079189
1220 1558079189
5160 1558079189
40019 1558079189
1220 1558079189
4760 1558079190
1720 1558079190
1240 1558079190
580 1558079190
40018 1558079190
2460 1558079190
960 1558079191
320 1558079191
2220 1558079191
440 1558079191
760 1558079191
3160 1558079191
980 1558079191
40018 1558079191
7640 1558079191
4380 1558079192
120 1558079192
1860 1558079192
460 1558079192
3780 1558079192
2700 1558079192
40019 1558079192
2760 1558079192
4800 1558079193
6340 1558079193
2000 1558079193
40019 1558079193
2600 1558079193
1080 1558079193
40 1558079194
40019 1558079194
2940 1558079194
3840 1558079195
3480 1558079195
3160 1558079195
1140 1558079195
460 1558079195
40019 1558079195
2140 1558079196
680 1558079196
680 1558079196
2120 1558079196
40019 1558079196
8220 1558079196
3040 1558079197
2580 1558079197
5240 1558079197
4440 1558079197
40018 1558079197
1420 1558079197
520 1558079198
40019 1558079198
1080 1558079198
320 1558079198
40019 1558079199
820 1558079199
2340 1558079199
2420 1558079199
5940 1558079200
540 1558079200
320 1558079200
2360 1558079200
40019 1558079200
3380 1558079201
560 1558079201
580 1558079201
400 1558079201
40019 1558079201
620 1558079201
3140 1558079202
80 1558079202
1040 1558079202
1960 1558079202
40018 1558079202
2000 1558079202
560 1558079202
1780 1558079203
500 1558079203
2480 1558079203
1180 1558079203
1580 1558079203
1540 1558079203
40019 1558079203
960 1558079203
160 1558079204
2900 1558079204
2820 1558079204
620 1558079204
40019 1558079204
2540 1558079204
900 1558079205
2680 1558079205
5280 1558079205
4360 1558079205
40018 1558079205
2160 1558079205
2120 1558079205
4300 1558079205
1760 1558079205
560 1558079206
1340 1558079206
1320 1558079206
1520 1558079206
40018 1558079206
2500 1558079207
520 1558079207
40 1558079207
1780 1558079207
40019 1558079207
3340 1558079207
1000 1558079208
2140 1558079208
1760 1558079208
3600 1558079208
40019 1558079208
240 1558079208
760 1558079208
2220 1558079209
240 1558079209
40019 1558079209
1520 1558079209
1180 1558079210
3700 1558079210
1640 1558079210
40019 1558079210
5580 1558079211
1440 1558079211
1120 1558079211
3140 1558079211
460 1558079211
40019 1558079211
3440 1558079211
2660 1558079212
3080 1558079212
1940 1558079212
6440 1558079212
8120 1558079212
3080 1558079212
40018 1558079212
1600 1558079212
7220 1558079213
860 1558079213
1880 1558079213
360 1558079213
1000 1558079213
2180 1558079213
420 1558079213
40019 1558079213
320 1558079213
5180 1558079213
2580 1558079214
140 1558079214
1820 1558079214
40018 1558079214
400 1558079214
2540 1558079214
220 1558079215
2160 1558079215
40019 1558079215
1040 1558079215
4200 1558079216
2060 1558079216
3340 1558079216
4700 1558079216
2300 1558079216
40019 1558079216
260 1558079216
2080 1558079216
3680 1558079217
10800 1558079217
80 1558079217
4140 1558079217
1900 1558079217
1300 1558079217
40018 1558079217
1640 1558079218
5000 1558079218
1520 1558079218
2100 1558079218
3840 1558079218
40019 1558079218
1020 1558079218
6000 1558079219
1980 1558079219
420 1558079219
40019 1558079219
1220 1558079219
40 1558079220
4380 1558079220
40019 1558079220
1060 1558079220
2720 1558079220
20 1558079221
220 1558079221
1320 1558079221
660 1558079221
40018 1558079221
2260 1558079221
4620 1558079221
1620 1558079222
120 1558079222
780 1558079222
2220 1558079222
5120 1558079222
1160 1558079222
860 1558079222
40018 1558079222
280 1558079222
20 1558079222
480 1558079223
1940 1558079223
720 1558079223
20 1558079223
2140 1558079223
5300 1558079223
5520 1558079223
1240 1558079223
40018 1558079223
6760 1558079223
1060 1558079224
120 1558079224
3400 1558079224
600 1558079224
5080 1558079224
40 1558079224
40019 1558079224
3900 1558079224
7360 1558079224
14660 1558079224
3240 1558079225
3060 1558079225
6440 1558079225
3000 1558079225
80 1558079225
40018 1558079225
560 1558079225
3900 1558079225
1640 1558079226
2260 1558079226
40019 1558079226
7800 1558079226
1400 1558079226
1060 1558079227
1580 1558079227
1900 1558079227
1480 1558079227
2960 1558079227
960 1558079227
700 1558079227
40 1558079227
40017 1558079227
2920 1558079228
1680 1558079228
2640 1558079228
1060 1558079228
4560 1558079228
60 1558079228
40019 1558079228
2920 1558079228
3120 1558079229
1900 1558079229
420 1558079229
460 1558079229
3080 1558079229
7900 1558079229
40018 1558079229
1260 1558079229
2400 1558079229
4020 1558079230
3320 1558079230
40019 1558079230
80 1558079230
2580 1558079231
2360 1558079231
40019 1558079231
500 1558079231
340 1558079232
1360 1558079232
3600 1558079232
2480 1558079232
40018 1558079232
9520 1558079232
1360 1558079232
8240 1558079233
2200 1558079233
2180 1558079233
1600 1558079233
40019 1558079233
1720 1558079233
620 1558079234
3280 1558079234
480 1558079234
1000 1558079234
2180 1558079234
100 1558079234
40018 1558079234
1760 1558079234
100 1558079234
660 1558079235
8220 1558079235
7640 1558079235
160 1558079235
220 1558079235
40018 1558079235
2080 1558079235
80 1558079236
2980 1558079236
4920 1558079236
380 1558079236
480 1558079236
40019 1558079236
2660 1558079236
560 1558079237
4140 1558079237
440 1558079237
2700 1558079237
10300 1558079237
40018 1558079237
4580 1558079237
2400 1558079237
820 1558079237
4260 1558079238
1360 1558079238
1400 1558079238
880 1558079238
16020 1558079238
300 1558079238
4640 1558079238
1000 1558079238
2260 1558079238
40016 1558079238
1500 1558079238
4740 1558079238
60 1558079239
580 1558079239
960 1558079239
620 1558079239
40018 1558079239
480 1558079240
1640 1558079240
80 1558079240
40019 1558079240
2460 1558079241
9340 1558079241
2580 1558079241
780 1558079241
40018 1558079241
3080 1558079241
4720 1558079242
500 1558079242
7160 1558079242
2360 1558079242
40019 1558079242
80 1558079242
2540 1558079243
1540 1558079243
380 1558079243
2780 1558079243
40019 1558079243
1800 1558079243
1180 1558079244
360 1558079244
1460 1558079244
1060 1558079244
900 1558079244
360 1558079244
660 1558079244
4420 1558079244
40017 1558079244
1380 1558079244
1740 1558079245
2440 1558079245
1720 1558079245
1480 1558079245
1380 1558079245
40019 1558079245
1400 1558079246
12160 1558079246
2940 1558079246
400 1558079246
40019 1558079246
1080 1558079247
460 1558079247
40020 1558079247
560 1558079247
300 1558079248
2600 1558079248
40019 1558079248
3340 1558079249
5560 1558079249
40019 1558079249
15100 1558079249
160 1558079249
1540 1558079250
2360 1558079250
200 1558079250
9680 1558079250
1160 1558079250
40019 1558079250
2860 1558079250
1740 1558079250
2620 1558079251
1040 1558079251
2060 1558079251
4400 1558079251
9060 1558079251
40018 1558079251
1920 1558079251
3360 1558079252
3780 1558079252
1900 1558079252
1660 1558079252
560 1558079252
940 1558079252
540 1558079252
40019 1558079252
660 1558079252
2720 1558079253
1620 1558079253
1080 1558079253
9580 1558079253
1380 1558079253
40019 1558079253
5520 1558079254
1880 1558079254
120 1558079254
120 1558079254
6940 1558079254
940 1558079254
2100 1558079254
10940 1558079254
40018 1558079254
5260 1558079254
140 1558079255
8760 1558079255
160 1558079255
180 1558079255
3160 1558079255
8060 1558079255
40019 1558079255
2140 1558079255
3680 1558079256
2420 1558079256
1480 1558079256
1400 1558079256
2060 1558079256
3180 1558079256
1480 1558079256
3720 1558079256
80 1558079256
460 1558079256
40018 1558079256
6540 1558079256
1040 1558079257
1680 1558079257
1440 1558079257
2880 1558079257
3560 1558079257
2820 1558079257
40019 1558079257
2100 1558079258
6620 1558079258
1300 1558079258
1280 1558079258
3940 1558079258
2760 1558079258
40018 1558079258
2440 1558079259
200 1558079259
40020 1558079259
1940 1558079260
1180 1558079260
1180 1558079260
580 1558079260
3700 1558079260
2780 1558079260
7360 1558079260
40018 1558079260
1980 1558079260
20 1558079261
940 1558079261
1340 1558079261
280 1558079261
1680 1558079261
240 1558079261
40018 1558079261
1940 1558079261
1400 1558079261
10020 1558079261
16540 1558079262
4620 1558079262
2240 1558079262
7160 1558079262
480 1558079262
3380 1558079262
40018 1558079262
840 1558079263
1700 1558079263
1500 1558079263
40019 1558079263
1820 1558079264
100 1558079264
40020 1558079264
3640 1558079265
700 1558079265
380 1558079265
6620 1558079265
20 1558079265
340 1558079265
40018 1558079265
3220 1558079265
4480 1558079265
80 1558079266
5920 1558079266
580 1558079266
3140 1558079266
860 1558079266
40018 1558079266
1200 1558079266
2180 1558079267
40019 1558079267
540 1558079267
2700 1558079267
740 1558079268
60 1558079268
3080 1558079268
4060 1558079268
40019 1558079268
2980 1558079269
3260 1558079269
980 1558079269
80 1558079269
660 1558079269
40018 1558079269
1740 1558079270
1100 1558079270
1420 1558079270
820 1558079270
40019 1558079270
40 1558079270
800 1558079271
1860 1558079271
2360 1558079271
1600 1558079271
2520 1558079271
1340 1558079271
9820 1558079271
40018 1558079271
1060 1558079271
1340 1558079272
80 1558079272
5680 1558079272
260 1558079272
40019 1558079272
1440 1558079272
20 1558079272
4940 1558079272
140 1558079273
6900 1558079273
180 1558079273
40018 1558079273
900 1558079273
1140 1558079273
4360 1558079274
3820 1558079274
1220 1558079274
40019 1558079274
1160 1558079275
1860 1558079275
1720 1558079275
3220 1558079275
1840 1558079275
500 1558079275
1300 1558079275
1520 1558079275
40018 1558079275
500 1558079276
2900 1558079276
2540 1558079276
40019 1558079276
2440 1558079277
1020 1558079277
3540 1558079277
40019 1558079277
10100 1558079278
360 1558079278
3140 1558079278
860 1558079278
1240 1558079278
40019 1558079278
1020 1558079278
2120 1558079279
2420 1558079279
1420 1558079279
40019 1558079279
1360 1558079279
500 1558079279
1060 1558079280
6940 1558079280
260 1558079280
9080 1558079280
3040 1558079280
1920 1558079280
1640 1558079280
9440 1558079280
20 1558079280
1760 1558079280
40018 1558079280
2600 1558079281
7960 1558079281
2980 1558079281
140 1558079281
2200 1558079281
40018 1558079281
60 1558079281
1600 1558079281
2100 1558079282
640 1558079282
40019 1558079282
2580 1558079282
140 1558079283
60 1558079283
2120 1558079283
40019 1558079283
140 1558079284
2300 1558079284
1740 1558079284
4800 1558079284
6320 1558079284
1160 1558079284
40019 1558079284
820 1558079284
2920 1558079284
2700 1558079285
3940 1558079285
40019 1558079285
500 1558079285
120 1558079286
1720 1558079286
3080 1558079286
1800 1558079286
5600 1558079286
40018 1558079286
1700 1558079286
1320 1558079287
620 1558079287
740 1558079287
3080 1558079287
4040 1558079287
9340 1558079287
40018 1558079287
280 1558079288
880 1558079288
3160 1558079288
800 1558079288
80 1558079288
5060 1558079288
40019 1558079288
980 1558079289
3620 1558079289
80 1558079289
2420 1558079289
40019 1558079289
340 1558079289
940 1558079290
80 1558079290
1260 1558079290
40019 1558079290
540 1558079291
3900 1558079291
40019 1558079291
320 1558079291
700 1558079292
2340 1558079292
40019 1558079292
660 1558079292
3840 1558079293
2040 1558079293
1080 1558079293
4580 1558079293
2660 1558079293
3240 1558079293
3000 1558079293
40018 1558079293
420 1558079293
1760 1558079294
400 1558079294
15400 1558079294
40019 1558079294
2980 1558079295
120 1558079295
440 1558079295
260 1558079295
40019 1558079295
2520 1558079295
240 1558079296
2900 1558079296
340 1558079296
40 1558079296
4340 1558079296
40019 1558079296
2560 1558079297
1820 1558079297
3140 1558079297
40019 1558079297
4040 1558079297
1320 1558079297
1300 1558079298
2160 1558079298
2080 1558079298
1840 1558079298
2360 1558079298
40018 1558079298
10860 1558079299
3700 1558079299
680 1558079299
1100 1558079299
40 1558079299
1000 1558079299
5360 1558079299
40019 1558079299
11540 1558079299
2960 1558079300
980 1558079300
60 1558079300
5980 1558079300
40018 1558079300
1320 1558079301
3140 1558079301
3860 1558079301
1040 1558079301
1340 1558079301
980 1558079301
40019 1558079301
1020 1558079301
2700 1558079301
1080 1558079302
1120 1558079302
800 1558079302
160 1558079302
40018 1558079302
920 1558079302
1080 1558079303
3260 1558079303
880 1558079303
1060 1558079303
1080 1558079303
40018 1558079303
620 1558079304
200 1558079304
3580 1558079304
1540 1558079304
4880 1558079304
40019 1558079304
1240 1558079304
120 1558079305
860 1558079305
40 1558079305
1380 1558079305
2840 1558079305
40019 1558079305
220 1558079306
140 1558079306
1820 1558079306
40019 1558079306
3000 1558079306
6760 1558079307
280 1558079307
3880 1558079307
140 1558079307
140 1558079307
260 1558079307
40019 1558079307
1760 1558079308
6440 1558079308
1200 1558079308
1260 1558079308
40018 1558079308
1560 1558079308
1740 1558079309
440 1558079309
3840 1558079309
2760 1558079309
980 1558079309
2580 1558079309
40019 1558079309
400 1558079309
3700 1558079310
1280 1558079310
2620 1558079310
3420 1558079310
60 1558079310
3260 1558079310
40018 1558079310
5440 1558079310
1680 1558079311
1920 1558079311
4340 1558079311
440 1558079311
1820 1558079311
40018 1558079311
420 1558079312
180 1558079312
2880 1558079312
7200 1558079312
40019 1558079312
6260 1558079312
360 1558079313
1560 1558079313
500 1558079313
1360 1558079313
40019 1558079313
1100 1558079314
180 1558079314
40019 1558079314
840 1558079315
4080 1558079315
40020 1558079315
1680 1558079316
1440 1558079316
260 1558079316
980 1558079316
2220 1558079316
40018 1558079316
5880 1558079317
1280 1558079317
4040 1558079317
3540 1558079317
4880 1558079317
40019 1558079317
1000 1558079318
1040 1558079318
2200 1558079318
1220 1558079318
40019 1558079318
5620 1558079318
40019 1558079319
320 1558079319
260 1558079320
820 1558079320
2560 1558079320
80 1558079320
220 1558079320
720 1558079320
5680 1558079320
160 1558079320
40018 1558079320
2580 1558079321
1660 1558079321
2000 1558079321
3660 1558079321
5980 1558079321
3540 1558079321
440 1558079321
2440 1558079321
40018 1558079321
1900 1558079321
1500 1558079322
3120 1558079322
440 1558079322
40019 1558079322
5000 1558079323
6240 1558079323
300 1558079323
1620 1558079323
200 1558079323
140 1558079323
2960 1558079323
40019 1558079323
1120 1558079324
1560 1558079324
180 1558079324
400 1558079324
8200 1558079324
600 1558079324
2300 1558079324
40018 1558079324
2920 1558079325
660 1558079325
260 1558079325
1180 1558079325
40019 1558079325
480 1558079325
2080 1558079326
4960 1558079326
2840 1558079326
2380 1558079326
3320 1558079326
1140 1558079326
40018 1558079326
1180 1558079326
1080 1558079327
3060 1558079327
1840 1558079327
700 1558079327
1160 1558079327
40019 1558079327
5320 1558079328
4980 1558079328
160 1558079328
40019 1558079328
1860 1558079329
760 1558079329
2580 1558079329
40019 1558079329
880 1558079330
1200 1558079330
2260 1558079330
3360 1558079330
40019 1558079330
640 1558079330
4840 1558079331
500 1558079331
1420 1558079331
1780 1558079331
800 1558079331
40018 1558079331
1480 1558079331
3420 1558079332
480 1558079332
1780 1558079332
520 1558079332
2140 1558079332
40019 1558079332
240 1558079332
140 1558079333
700 1558079333
20 1558079333
2440 1558079333
40019 1558079333
220 1558079333
3180 1558079334
140 1558079334
960 1558079334
40018 1558079334
3520 1558079335
400 1558079335
60 1558079335
3260 1558079335
3640 1558079335
4220 1558079335
40019 1558079335
820 1558079336
1000 1558079336
860 1558079336
2140 1558079336
1020 1558079336
280 1558079336
480 1558079336
40018 1558079336
920 1558079336
900 1558079337
3480 1558079337
1640 1558079337
80 1558079337
40019 1558079337
4260 1558079337
1060 1558079338
3120 1558079338
40018 1558079338
3340 1558079338
4080 1558079338
4480 1558079339
2820 1558079339
780 1558079339
2880 1558079339
2800 1558079339
40019 1558079339
6200 1558079340
1020 1558079340
2020 1558079340
5680 1558079340
40019 1558079340
60 1558079341
6180 1558079341
1000 1558079341
40018 1558079341
2660 1558079341
3160 1558079342
5580 1558079342
3220 1558079342
9760 1558079342
3240 1558079342
40019 1558079342
4120 1558079343
780 1558079343
220 1558079343
40019 1558079343
2900 1558079344
2340 1558079344
9640 1558079344
2560 1558079344
4080 1558079344
40019 1558079344
1020 1558079344
1320 1558079345
2420 1558079345
460 1558079345
540 1558079345
40019 1558079345
2040 1558079346
300 1558079346
980 1558079346
100 1558079346
2800 1558079346
2580 1558079346
1280 1558079346
40018 1558079346
580 1558079347
700 1558079347
40 1558079347
2780 1558079347
12660 1558079347
5440 1558079347
40019 1558079347
60 1558079347
10620 1558079348
400 1558079348
1680 1558079348
2360 1558079348
3660 1558079348
180 1558079348
40018 1558079348
6660 1558079349
620 1558079349
1900 1558079349
540 1558079349
1900 1558079349
200 1558079349
40019 1558079349
1940 1558079350
20 1558079350
3780 1558079350
960 1558079350
260 1558079350
40018 1558079350
1580 1558079351
1900 1558079351
4200 1558079351
880 1558079351
3900 1558079351
40019 1558079351
3660 1558079352
400 1558079352
2200 1558079352
780 1558079352
5000 1558079352
40019 1558079352
700 1558079352
1680 1558079353
5560 1558079353
1140 1558079353
680 1558079353
380 1558079353
4180 1558079353
2080 1558079353
180 1558079353
40018 1558079353
1580 1558079354
900 1558079354
680 1558079354
3080 1558079354
3340 1558079354
40018 1558079354
4140 1558079354
3300 1558079355
300 1558079355
5480 1558079355
3980 1558079355
40018 1558079355
2920 1558079355
4360 1558079356
3480 1558079356
260 1558079356
60 1558079356
40019 1558079356
7280 1558079357
60 1558079357
2800 1558079357
40018 1558079357
2820 1558079357
2180 1558079358
4200 1558079358
1680 1558079358
40018 1558079358
400 1558079358
5620 1558079359
260 1558079359
1140 1558079359
3520 1558079359
620 1558079359
40018 1558079359
1800 1558079359
680 1558079360
2540 1558079360
360 1558079360
3260 1558079360
120 1558079360
40019 1558079360
80 1558079361
380 1558079361
560 1558079361
1280 1558079361
1060 1558079361
11320 1558079361
180 1558079361
5740 1558079361
2720 1558079361
40018 1558079361
580 1558079362
140 1558079362
920 1558079362
40 1558079362
680 1558079362
1880 1558079362
40018 1558079362
2480 1558079362
40 1558079363
300 1558079363
180 1558079363
9480 1558079363
40019 1558079363
0 1558079363
11300 1558079364
420 1558079364
3100 1558079364
500 1558079364
40018 1558079364
2680 1558079364
2520 1558079365
760 1558079365
4260 1558079365
1200 1558079365
40019 1558079365
1140 1558079366
180 1558079366
6900 1558079366
100 1558079366
2560 1558079366
1200 1558079366
40018 1558079366
14020 1558079366
4040 1558079367
3320 1558079367
4520 1558079367
1340 1558079367
1740 1558079367
40018 1558079367
3520 1558079368
2420 1558079368
1780 1558079368
520 1558079368
40018 1558079368
1780 1558079369
3640 1558079369
1300 1558079369
1160 1558079369
740 1558079369
7960 1558079369
40017 1558079369
1560 1558079370
1220 1558079370
800 1558079370
980 1558079370
40019 1558079370
1460 1558079371
6720 1558079371
2240 1558079371
3800 1558079371
1200 1558079371
2380 1558079371
40018 1558079371
200 1558079371
860 1558079372
5460 1558079372
3660 1558079372
2060 1558079372
0 1558079372
700 1558079372
7640 1558079372
6300 1558079372
40017 1558079372
2200 1558079372
2340 1558079373
3860 1558079373
1800 1558079373
7820 1558079373
2280 1558079373
520 1558079373
1740 1558079373
40018 1558079373
12140 1558079374
40 1558079374
40019 1558079374
7320 1558079375
420 1558079375
40 1558079375
3360 1558079375
5980 1558079375
1300 1558079375
1100 1558079375
40019 1558079375
5720 1558079376
20 1558079376
3180 1558079376
80 1558079376
360 1558079376
1500 1558079376
8840 1558079376
2220 1558079376
40018 1558079376
5400 1558079377
4000 1558079377
280 1558079377
5300 1558079377
240 1558079377
40019 1558079377
2580 1558079378
2520 1558079378
3160 1558079378
860 1558079378
320 1558079378
40019 1558079378
4120 1558079379
480 1558079379
740 1558079379
180 1558079379
40019 1558079379
3320 1558079380
2320 1558079380
1960 1558079380
4660 1558079380
40019 1558079380
4180 1558079380
680 1558079381
3920 1558079381
2680 1558079381
460 1558079381
40018 1558079381
1480 1558079382
2060 1558079382
620 1558079382
2260 1558079382
40019 1558079382
2320 1558079383
20 1558079383
1400 1558079383
2900 1558079383
80 1558079383
4360 1558079383
40018 1558079383
5580 1558079384
1060 1558079384
100 1558079384
1540 1558079384
680 1558079384
3060 1558079384
5620 1558079384
1800 1558079384
40018 1558079384
5940 1558079385
3280 1558079385
2600 1558079385
7260 1558079385
2700 1558079385
1440 1558079385
40019 1558079385
940 1558079386
4180 1558079386
1240 1558079386
3280 1558079386
1000 1558079386
3420 1558079386
40018 1558079386
960 1558079386
9500 1558079387
3440 1558079387
1360 1558079387
40019 1558079387
2900 1558079388
560 1558079388
760 1558079388
500 1558079388
1000 1558079388
2880 1558079388
5820 1558079388
40019 1558079388
60 1558079388
1440 1558079389
3280 1558079389
320 1558079389
2520 1558079389
2120 1558079389
2560 1558079389
40018 1558079389
1500 1558079389
980 1558079390
1080 1558079390
3520 1558079390
40019 1558079390
1860 1558079391
9980 1558079391
2400 1558079391
7120 1558079391
4000 1558079391
40019 1558079391
4160 1558079392
4140 1558079392
640 1558079392
460 1558079392
2400 1558079392
3280 1558079392
40018 1558079392
980 1558079392
1840 1558079393
3080 1558079393
1980 1558079393
4020 1558079393
5080 1558079393
1500 1558079393
1760 1558079393
40019 1558079393
6520 1558079394
1320 1558079394
1220 1558079394
540 1558079394
380 1558079394
5080 1558079394
620 1558079394
1340 1558079394
40018 1558079394
520 1558079395
2000 1558079395
60 1558079395
960 1558079395
1280 1558079395
4920 1558079395
40019 1558079395
800 1558079396
760 1558079396
460 1558079396
700 1558079396
140 1558079396
40018 1558079396
9780 1558079397
3240 1558079397
2340 1558079397
1140 1558079397
0 1558079397
520 1558079397
780 1558079397
40018 1558079397
1820 1558079397
5100 1558079398
80 1558079398
220 1558079398
3880 1558079398
40019 1558079398
2320 1558079399
540 1558079399
4320 1558079399
420 1558079399
40019 1558079399
440 1558079400
3120 1558079400
1600 1558079400
15980 1558079400
40019 1558079400
3620 1558079401
3880 1558079401
40019 1558079401
3920 1558079402
400 1558079402
920 1558079402
5220 1558079402
40019 1558079402
20 1558079403
880 1558079403
5960 1558079403
360 1558079403
180 1558079403
40019 1558079403
1120 1558079403
200 1558079404
240 1558079404
1820 1558079404
5260 1558079404
40019 1558079404
280 1558079405
18120 1558079405
3580 1558079405
3140 1558079405
700 1558079405
40019 1558079405
3260 1558079405
660 1558079406
1280 1558079406
780 1558079406
40019 1558079406
600 1558079407
2040 1558079407
6640 1558079407
40019 1558079407
360 1558079407
1180 1558079408
0 1558079408
620 1558079408
6340 1558079408
460 1558079408
40 1558079408
40019 1558079408
2500 1558079409
120 1558079409
20 1558079409
520 1558079409
4360 1558079409
40019 1558079409
3280 1558079410
3060 1558079410
40019 1558079410
1140 1558079410
9660 1558079411
3460 1558079411
2980 1558079411
20 1558079411
40019 1558079411
5460 1558079412
1220 1558079412
780 1558079412
200 1558079412
40019 1558079412
5780 1558079413
1160 1558079413
760 1558079413
1340 1558079413
40019 1558079413
280 1558079413
2520 1558079414
8260 1558079414
8760 1558079414
4720 1558079414
8740 1558079414
2440 1558079414
380 1558079414
40018 1558079414
860 1558079415
260 1558079415
10360 1558079415
1400 1558079415
700 1558079415
3720 1558079415
40018 1558079415
4500 1558079416
300 1558079416
1680 1558079416
440 1558079416
4520 1558079416
2160 1558079416
2240 1558079416
160 1558079416
40018 1558079416
3120 1558079416
320 1558079417
980 1558079417
40019 1558079417
2180 1558079418
4300 1558079418
4660 1558079418
5680 1558079418
11100 1558079418
2040 1558079418
100 1558079418
40019 1558079418
180 1558079419
9240 1558079419
300 1558079419
40019 1558079419
540 1558079420
2320 1558079420
3960 1558079420
1040 1558079420
500 1558079420
2720 1558079420
8420 1558079420
580 1558079420
40018 1558079420
140 1558079421
2280 1558079421
860 1558079421
1140 1558079421
2800 1558079421
1780 1558079421
4140 1558079421
40018 1558079421
1660 1558079422
340 1558079422
1160 1558079422
3740 1558079422
4260 1558079422
40019 1558079422
1200 1558079423
2180 1558079423
100 1558079423
740 1558079423
8880 1558079423
1020 1558079423
40019 1558079423
1020 1558079424
1800 1558079424
1020 1558079424
1400 1558079424
160 1558079424
3300 1558079424
8140 1558079424
40018 1558079424
12320 1558079425
10340 1558079425
3980 1558079425
3080 1558079425
4940 1558079425
1880 1558079425
40019 1558079425
220 1558079426
1840 1558079426
1100 1558079426
620 1558079426
40019 1558079426
380 1558079427
720 1558079427
1200 1558079427
420 1558079427
120 1558079427
2800 1558079427
40019 1558079427
20 1558079428
7280 1558079428
160 1558079428
1860 1558079428
1760 1558079428
2560 1558079428
3580 1558079428
40018 1558079428
4320 1558079429
2840 1558079429
80 1558079429
5820 1558079429
1020 1558079429
7180 1558079429
1720 1558079429
40019 1558079429
4200 1558079430
1160 1558079430
2420 1558079430
600 1558079430
1220 1558079430
2080 1558079430
40018 1558079430
1960 1558079431
2780 1558079431
160 1558079431
1660 1558079431
1740 1558079431
40019 1558079431
920 1558079432
1180 1558079432
1880 1558079432
40019 1558079432
3000 1558079433
4520 1558079433
1700 1558079433
140 1558079433
3960 1558079433
1920 1558079433
8420 1558079433
40019 1558079433
300 1558079434
5900 1558079434
920 1558079434
1960 1558079434
4700 1558079434
40018 1558079434
1240 1558079435
4100 1558079435
3020 1558079435
80 1558079435
640 1558079435
40019 1558079435
4240 1558079436
1040 1558079436
6640 1558079436
1300 1558079436
40019 1558079436
520 1558079437
6280 1558079437
2140 1558079437
620 1558079437
360 1558079437
40019 1558079437
200 1558079438
880 1558079438
180 1558079438
4840 1558079438
0 1558079438
40019 1558079438
2580 1558079439
1720 1558079439
0 1558079439
1780 1558079439
660 1558079439
40018 1558079439
2560 1558079440
860 1558079440
2740 1558079440
1720 1558079440
2000 1558079440
4260 1558079440
5940 1558079440
200 1558079440
2400 1558079440
40018 1558079440
1380 1558079441
360 1558079441
3240 1558079441
2820 1558079441
6280 1558079441
40019 1558079441
1100 1558079442
940 1558079442
3060 1558079442
5080 1558079442
2720 1558079442
40019 1558079442
2540 1558079443
2500 1558079443
660 1558079443
2260 1558079443
1700 1558079443
3880 1558079443
40018 1558079443
100 1558079444
3400 1558079444
400 1558079444
40019 1558079444
720 1558079445
460 1558079445
420 1558079445
3360 1558079445
40019 1558079445
2940 1558079446
2240 1558079446
6300 1558079446
40018 1558079446
3560 1558079447
2760 1558079447
5340 1558079447
220 1558079447
680 1558079447
4520 1558079447
40019 1558079447
660 1558079448
1780 1558079448
200 1558079448
8360 1558079448
600 1558079448
900 1558079448
280 1558079448
40018 1558079448
60 1558079449
1020 1558079449
10540 1558079449
4780 1558079449
5500 1558079449
300 1558079449
40018 1558079449
1360 1558079450
2140 1558079450
420 1558079450
5840 1558079450
1820 1558079450
40019 1558079450
180 1558079451
80 1558079451
2620 1558079451
2140 1558079451
40019 1558079451
1420 1558079452
940 1558079452
2020 1558079452
4520 1558079452
40019 1558079453
1480 1558079453
1580 1558079453
40019 1558079454
7120 1558079454
920 1558079454
440 1558079454
1700 1558079454
1060 1558079454
2460 1558079454
40018 1558079455
1240 1558079455
760 1558079455
2620 1558079455
40019 1558079456
840 1558079456
2840 1558079456
3480 1558079456
40019 1558079457
3040 1558079457
460 1558079457
120 1558079457
780 1558079457
400 1558079457
1480 1558079457
40019 1558079458
280 1558079458
5220 1558079458
4520 1558079458
40019 1558079459
1080 1558079459
1340 1558079459
3600 1558079459
2000 1558079459
2180 1558079459
2880 1558079459
1980 1558079459
1180 1558079459
40017 1558079460
1200 1558079460
3880 1558079460
7700 1558079460
660 1558079460
2120 1558079460
740 1558079460
1500 1558079460
480 1558079460
40018 1558079461
19020 1558079461
640 1558079461
2840 1558079461
940 1558079461
560 1558079461
1220 1558079461
520 1558079461
1340 1558079461
640 1558079461
40019 1558079462
2800 1558079462
980 1558079462
1620 1558079462
4340 1558079463
40019 1558079463
1440 1558079463
2580 1558079463
11600 1558079463
1920 1558079463
40019 1558079464
2480 1558079464
1840 1558079464
260 1558079464
580 1558079464
40019 1558079465
3140 1558079465
1800 1558079465
260 1558079465
6120 1558079465
80 1558079465
1860 1558079465
680 1558079465
40018 1558079466
4300 1558079466
1460 1558079466
1260 1558079466
40 1558079466
40019 1558079467
200 1558079467
1860 1558079467
2720 1558079467
1960 1558079467
3080 1558079468
40019 1558079468
2040 1558079468
2620 1558079468
2040 1558079468
680 1558079468
40019 1558079469
4120 1558079469
380 1558079469
2900 1558079470
40019 1558079470
760 1558079470
1080 1558079470
740 1558079470
60 1558079470
4380 1558079470
2340 1558079470
40018 1558079471
300 1558079471
5600 1558079471
1340 1558079471
2420 1558079471
500 1558079471
2600 1558079471
40019 1558079472
5400 1558079472
1040 1558079472
2140 1558079472
1980 1558079472
460 1558079472
1840 1558079472
40018 1558079473
1000 1558079473
1040 1558079473
1960 1558079473
3880 1558079473
3420 1558079473
2600 1558079473
1500 1558079473
40019 1558079474
420 1558079474
4840 1558079474
1260 1558079474
1700 1558079474
400 1558079474
1500 1558079474
1300 1558079474
2660 1558079474
3680 1558079474
40018 1558079475
6920 1558079475
900 1558079475
3220 1558079475
3420 1558079475
640 1558079475
7800 1558079475
3540 1558079475
40018 1558079476
2960 1558079476
900 1558079476
560 1558079476
2300 1558079476
40019 1558079477
2880 1558079477
420 1558079477
1640 1558079477
380 1558079477
1620 1558079477
40019 1558079478
860 1558079478
3900 1558079478
500 1558079478
2120 1558079478
320 1558079478
4840 1558079478
160 1558079478
40019 1558079479
2580 1558079479
480 1558079479
2580 1558079479
1840 1558079479
6620 1558079479
40018 1558079480
2800 1558079480
2600 1558079480
3560 1558079480
520 1558079480
620 1558079480
960 1558079480
3720 1558079480
3500 1558079481
40019 1558079481
2040 1558079481
3740 1558079481
2980 1558079481
2640 1558079481
5300 1558079481
1680 1558079481
40018 1558079482
1940 1558079482
2200 1558079482
3180 1558079482
1180 1558079482
1420 1558079482
40019 1558079483
2820 1558079483
1840 1558079483
1340 1558079483
420 1558079483
4840 1558079483
40019 1558079484
440 1558079484
5220 1558079484
1120 1558079484
1580 1558079484
8880 1558079484
3680 1558079484
2040 1558079484
40018 1558079485
3100 1558079485
2380 1558079485
160 1558079485
1320 1558079485
1000 1558079485
40018 1558079486
1080 1558079486
120 1558079486
2660 1558079486
40019 1558079487
1660 1558079487
1900 1558079487
3620 1558079487
3340 1558079487
1280 1558079487
40019 1558079488
640 1558079488
8240 1558079488
580 1558079488
880 1558079488
3820 1558079488
5620 1558079488
40019 1558079489
800 1558079489
8980 1558079489
4900 1558079489
4120 1558079489
720 1558079489
3100 1558079489
6460 1558079489
40018 1558079490
340 1558079490
1400 1558079490
380 1558079490
5040 1558079490
3300 1558079490
13580 1558079490
19620 1558079490
40019 1558079491
880 1558079491
380 1558079491
3960 1558079491
620 1558079491
40018 1558079492
2820 1558079492
2300 1558079492
600 1558079492
40019 1558079493
10700 1558079493
3260 1558079493
2180 1558079493
4960 1558079493
420 1558079493
800 1558079493
40019 1558079494
400 1558079494
300 1558079494
2720 1558079494
3720 1558079494
40019 1558079495
3500 1558079495
4800 1558079495
1620 1558079495
2940 1558079495
140 1558079495
1360 1558079495
40019 1558079496
6480 1558079496
2760 1558079496
80 1558079496
920 1558079496
40019 1558079497
940 1558079497
2420 1558079497
1620 1558079497
40019 1558079498
100 1558079498
860 1558079498
8760 1558079498
40 1558079498
860 1558079498
40019 1558079499
480 1558079499
5480 1558079499
680 1558079499
6620 1558079499
4580 1558079499
1180 1558079499
40018 1558079500
2800 1558079500
440 1558079500
4620 1558079500
14380 1558079500
0 1558079500
2300 1558079501
40019 1558079501
9460 1558079501
2780 1558079501
440 1558079501
580 1558079501
600 1558079501
40018 1558079502
940 1558079502
2840 1558079502
480 1558079502
820 1558079502
4620 1558079502
40019 1558079503
6720 1558079503
2400 1558079503
820 1558079503
40019 1558079504
1420 1558079504
4140 1558079504
120 1558079504
5340 1558079504
4200 1558079504
2860 1558079504
7980 1558079505
40019 1558079505
1340 1558079505
520 1558079505
2320 1558079505
2240 1558079505
120 1558079505
1280 1558079505
1880 1558079505
4380 1558079505
800 1558079506
40018 1558079506
6880 1558079506
1840 1558079506
240 1558079506
200 1558079506
2840 1558079506
480 1558079506
40019 1558079507
1860 1558079507
720 1558079507
1960 1558079507
11420 1558079507
640 1558079507
1060 1558079507
40018 1558079508
1440 1558079508
240 1558079508
40 1558079508
6660 1558079508
260 1558079508
880 1558079508
6320 1558079508
40019 1558079509
5600 1558079509
1940 1558079509
20 1558079509
300 1558079509
380 1558079509
40 1558079509
160 1558079509
40018 1558079510
480 1558079510
3300 1558079510
6480 1558079511
40019 1558079511
40 1558079511
5900 1558079511
40019 1558079512
920 1558079512
3420 1558079512
60 1558079512
5240 1558079512
1520 1558079512
1000 1558079512
2180 1558079512
660 1558079512
40018 1558079513
1120 1558079513
5220 1558079513
40020 1558079514
4960 1558079514
920 1558079514
2960 1558079514
1660 1558079514
5300 1558079514
1260 1558079515
40018 1558079515
680 1558079515
560 1558079515
160 1558079515
4100 1558079516
40019 1558079516
160 1558079516
620 1558079516
700 1558079516
600 1558079516
40018 1558079517
3540 1558079517
960 1558079517
1080 1558079517
960 1558079518
40019 1558079518
520 1558079518
1440 1558079518
3680 1558079518
1540 1558079518
820 1558079519
40019 1558079519
780 1558079519
620 1558079519
460 1558079519
120 1558079519
40019 1558079520
3340 1558079520
40019 1558079521
4060 1558079521
40 1558079521
3500 1558079521
2160 1558079521
1080 1558079521
40019 1558079522
960 1558079522
1140 1558079522
420 1558079522
3160 1558079522
3720 1558079522
2340 1558079522
13620 1558079522
1040 1558079523
40019 1558079523
4520 1558079523
760 1558079523
640 1558079523
2360 1558079524
40018 1558079524
440 1558079524
3820 1558079524
1140 1558079524
1280 1558079524
40019 1558079525
1100 1558079525
420 1558079525
1920 1558079525
2300 1558079525
1260 1558079525
4080 1558079525
40019 1558079526
1800 1558079526
240 1558079526
2040 1558079526
1040 1558079526
4940 1558079526
40019 1558079527
2300 1558079527
5900 1558079527
320 1558079527
420 1558079527
1660 1558079527
1860 1558079527
40018 1558079528
4560 1558079528
1520 1558079528
860 1558079528
940 1558079528
40019 1558079529
2460 1558079529
500 1558079529
320 1558079529
0 1558079529
200 1558079529
3420 1558079529
40019 1558079530
120 1558079530
2280 1558079530
2420 1558079530
920 1558079530
2000 1558079531
40018 1558079531
2400 1558079531
300 1558079531
5440 1558079531
2280 1558079531
20 1558079531
1260 1558079531
40019 1558079532
700 1558079532
4000 1558079532
6460 1558079532
0 1558079532
3800 1558079532
1940 1558079532
320 1558079532
12080 1558079532
40018 1558079533
2020 1558079533
2960 1558079533
5200 1558079533
3680 1558079533
2120 1558079533
40 1558079533
3480 1558079533
40019 1558079534
880 1558079534
4180 1558079534
2260 1558079534
220 1558079534
5900 1558079534
40018 1558079535
180 1558079535
6540 1558079535
280 1558079535
2460 1558079535
60 1558079535
40019 1558079536
3940 1558079536
100 1558079536
420 1558079536
1720 1558079536
440 1558079536
5280 1558079536
100 1558079536
2440 1558079536
40018 1558079537
60 1558079537
2320 1558079537
4100 1558079537
2560 1558079537
1720 1558079537
1480 1558079538
40019 1558079538
2300 1558079538
7280 1558079538
1420 1558079538
880 1558079538
120 1558079539
40018 1558079539
420 1558079539
1440 1558079539
160 1558079539
1920 1558079539
2900 1558079540
40019 1558079540
260 1558079540
340 1558079540
3740 1558079540
40019 1558079541
3100 1558079541
1660 1558079541
3120 1558079541
19120 1558079541
260 1558079541
380 1558079541
3440 1558079541
40018 1558079542
1160 1558079542
880 1558079542
5300 1558079542
3560 1558079542
420 1558079542
820 1558079542
1640 1558079543
40019 1558079543
500 1558079543
1920 1558079543
8340 1558079543
40019 1558079544
6620 1558079544
3760 1558079544
3180 1558079544
840 1558079544
20 1558079544
1400 1558079544
1580 1558079544
860 1558079545
40018 1558079545
6040 1558079545
520 1558079545
40 1558079545
2660 1558079545
140 1558079545
1520 1558079545
1700 1558079546
40018 1558079546
420 1558079546
300 1558079546
1140 1558079546
720 1558079546
6320 1558079546
2060 1558079546
2440 1558079546
1540 1558079546
40 1558079546
260 1558079546
1600 1558079547
40018 1558079547
1940 1558079547
2680 1558079547
3900 1558079547
260 1558079547
420 1558079547
140 1558079547
60 1558079547
40018 1558079548
600 1558079548
980 1558079548
4820 1558079548
4240 1558079548
2580 1558079548
17940 1558079548
4040 1558079548
2600 1558079548
40018 1558079549
560 1558079549
1120 1558079549
1440 1558079549
2780 1558079549
1260 1558079549
40019 1558079550
1100 1558079550
460 1558079550
60 1558079550
5240 1558079551
40019 1558079551
4900 1558079551
2320 1558079551
320 1558079551
4020 1558079551
40018 1558079552
540 1558079552
920 1558079552
40020 1558079553
5100 1558079553
2480 1558079553
140 1558079553
540 1558079553
3000 1558079553
780 1558079553
40018 1558079554
2680 1558079554
3360 1558079554
3300 1558079554
1360 1558079554
1820 1558079554
40019 1558079555
280 1558079555
980 1558079555
380 1558079555
680 1558079555
1200 1558079555
40018 1558079556
1700 1558079556
2700 1558079556
2600 1558079556
1560 1558079556
8560 1558079556
1660 1558079557
40019 1558079557
280 1558079557
1780 1558079557
620 1558079557
1940 1558079557
220 1558079557
460 1558079557
40019 1558079558
2140 1558079558
1200 1558079558
1540 1558079558
3460 1558079558
5400 1558079558
40018 1558079559
2100 1558079559
2760 1558079559
200 1558079559
40019 1558079560
4580 1558079560
260 1558079560
1300 1558079560
12060 1558079560
40019 1558079561
1580 1558079561
140 1558079561
3720 1558079561
400 1558079561
40019 1558079562
3060 1558079562
420 1558079562
740 1558079562
300 1558079563
40019 1558079563
6100 1558079563
60 1558079563
3260 1558079563
420 1558079563
160 1558079563
5220 1558079563
8880 1558079564
40019 1558079564
160 1558079564
60 1558079564
16180 1558079564
5020 1558079564
840 1558079564
180 1558079565
40018 1558079565
3200 1558079565
3500 1558079565
240 1558079566
40019 1558079566
60 1558079566
5940 1558079566
3980 1558079566
3960 1558079566
880 1558079566
40019 1558079567
3120 1558079567
440 1558079567
3200 1558079567
220 1558079567
40019 1558079568
2020 1558079568
840 1558079568
320 1558079568
580 1558079568
5500 1558079568
1320 1558079568
1080 1558079568
40018 1558079569
460 1558079569
1180 1558079569
4080 1558079569
420 1558079569
560 1558079569
7080 1558079569
1540 1558079569
3900 1558079569
40019 1558079570
1220 1558079570
3760 1558079570
100 1558079570
40 1558079570
1160 1558079570
40019 1558079571
1160 1558079571
9980 1558079571
520 1558079571
520 1558079571
3340 1558079571
940 1558079571
40018 1558079572
620 1558079572
3680 1558079572
6380 1558079572
560 1558079572
1920 1558079572
40019 1558079573
1260 1558079573
40 1558079573
3280 1558079573
20 1558079573
2380 1558079573
2740 1558079573
40018 1558079574
900 1558079574
100 1558079574
180 1558079574
820 1558079574
2580 1558079574
40019 1558079575
2440 1558079575
1340 1558079575
1880 1558079575
1520 1558079575
40019 1558079576
2560 1558079576
2580 1558079576
300 1558079576
40019 1558079577
1820 1558079577
1860 1558079577
1420 1558079577
3800 1558079577
1680 1558079577
4520 1558079578
1540 1558079578
40018 1558079578
4840 1558079578
620 1558079578
3980 1558079578
40018 1558079579
3540 1558079579
3980 1558079579
1960 1558079579
1800 1558079580
40019 1558079580
1580 1558079580
7620 1558079580
6780 1558079580
300 1558079580
40018 1558079581
200 1558079581
120 1558079581
3260 1558079581
1400 1558079581
1160 1558079581
3100 1558079581
40019 1558079582
5900 1558079582
16260 1558079582
1800 1558079582
3520 1558079582
1800 1558079583
14040 1558079583
40019 1558079583
2600 1558079583
2820 1558079583
7280 1558079584
40019 1558079584
2040 1558079584
2260 1558079584
3640 1558079584
40019 1558079585
20 1558079585
820 1558079585
540 1558079585
820 1558079585
1100 1558079585
1840 1558079585
500 1558079585
80 1558079585
1240 1558079585
2200 1558079585
540 1558079586
40018 1558079586
3440 1558079586
2380 1558079586
1180 1558079586
1840 1558079586
6180 1558079586
6560 1558079587
40019 1558079587
4100 1558079587
3920 1558079587
40019 1558079588
2960 1558079588
1160 1558079588
520 1558079588
40019 1558079589
1420 1558079589
2660 1558079589
8600 1558079589
720 1558079589
1000 1558079589
320 1558079590
40019 1558079590
540 1558079590
620 1558079590
500 1558079590
420 1558079590
40019 1558079591
3360 1558079591
520 1558079591
2500 1558079591
1360 1558079591
500 1558079591
1440 1558079591
600 1558079591
40019 1558079592
760 1558079592
60 1558079593
180 1558079593
40019 1558079593
3260 1558079593
400 1558079593
340 1558079593
1200 1558079593
2760 1558079593
3180 1558079593
40019 1558079594
220 1558079594
5200 1558079594
4080 1558079594
1420 1558079594
1940 1558079594
3260 1558079594
40018 1558079595
2020 1558079595
160 1558079595
3800 1558079595
1400 1558079595
1520 1558079595
40019 1558079596
5380 1558079596
540 1558079596
1720 1558079596
2220 1558079596
1420 1558079596
40019 1558079597
2260 1558079597
240 1558079597
3240 1558079597
160 1558079597
1940 1558079597
13420 1558079597
680 1558079597
1700 1558079597
1200 1558079597
1240 1558079597
40018 1558079598
1100 1558079598
140 1558079598
540 1558079598
3940 1558079598
1780 1558079598
1180 1558079598
5080 1558079598
4940 1558079598
320 1558079598
40019 1558079599
2920 1558079599
9840 1558079599
200 1558079599
20 1558079599
380 1558079599
4400 1558079599
280 1558079600
40018 1558079600
1900 1558079600
1580 1558079600
40019 1558079601
1360 1558079601
300 1558079601
320 1558079602
40020 1558079602
1720 1558079602
3240 1558079602
3720 1558079602
920 1558079602
580 1558079602
2280 1558079602
1780 1558079602
2720 1558079602
40018 1558079603
1020 1558079603
260 1558079603
1200 1558079603
1380 1558079603
220 1558079603
720 1558079603
40019 1558079604
1560 1558079604
840 1558079604
1120 1558079604
100 1558079604
2480 1558079604
14220 1558079604
6000 1558079604
40018 1558079605
1480 1558079605
1320 1558079605
120 1558079605
3000 1558079605
720 1558079605
420 1558079605
2260 1558079606
40019 1558079606
8640 1558079606
760 1558079606
2220 1558079606
520 1558079606
2880 1558079606
40019 1558079607
6760 1558079607
900 1558079607
840 1558079607
3160 1558079607
2360 1558079607
40019 1558079608
380 1558079608
20 1558079608
840 1558079608
1220 1558079608
600 1558079608
3800 1558079609
6120 1558079609
40014 1558079609
280 1558079609
3800 1558079609
3260 1558079609
1080 1558079609
1240 1558079610
40018 1558079610
3060 1558079610
1000 1558079610
180 1558079610
3100 1558079610
40019 1558079611
520 1558079611
1800 1558079611
840 1558079611
4060 1558079611
700 1558079611
780 1558079611
40019 1558079612
240 1558079612
2180 1558079612
720 1558079612
480 1558079612
2220 1558079612
280 1558079612
2020 1558079613
40017 1558079613
1460 1558079613
720 1558079613
120 1558079613
700 1558079613
120 1558079613
2280 1558079613
300 1558079613
40019 1558079614
5520 1558079614
320 1558079614
2280 1558079614
1460 1558079614
2480 1558079614
940 1558079614
40 1558079614
6120 1558079615
40018 1558079615
1840 1558079615
1980 1558079615
540 1558079615
820 1558079615
3940 1558079615
5420 1558079615
2740 1558079615
40018 1558079616
1440 1558079616
1300 1558079616
40 1558079616
1700 1558079616
7360 1558079616
780 1558079616
8440 1558079616
720 1558079616
1700 1558079617
40019 1558079617
340 1558079617
180 1558079617
40019 1558079618
3340 1558079618
80 1558079618
2060 1558079618
1740 1558079618
260 1558079618
7240 1558079618
40018 1558079619
80 1558079619
4440 1558079619
900 1558079619
5240 1558079619
7020 1558079619
1320 1558079620
920 1558079620
40019 1558079620
2820 1558079620
1420 1558079620
680 1558079620
5580 1558079621
40019 1558079621
3860 1558079621
560 1558079621
2300 1558079621
480 1558079621
500 1558079621
3360 1558079621
40018 1558079622
2220 1558079622
5080 1558079622
2960 1558079622
14600 1558079622
3020 1558079622
280 1558079623
1060 1558079623
4660 1558079623
40019 1558079623
260 1558079623
1700 1558079623
400 1558079623
220 1558079623
2120 1558079623
5600 1558079624
40018 1558079624
2640 1558079624
880 1558079624
5320 1558079624
1400 1558079624
3760 1558079624
2220 1558079625
40019 1558079625
1100 1558079625
1340 1558079625
1060 1558079625
1920 1558079625
400 1558079625
40019 1558079626
1780 1558079626
240 1558079626
2900 1558079626
4300 1558079626
6660 1558079627
40019 1558079627
3040 1558079627
180 1558079627
3440 1558079627
3400 1558079627
20 1558079627
2520 1558079627
4820 1558079627
1460 1558079628
40018 1558079628
320 1558079628
20 1558079628
3480 1558079628
8860 1558079628
40019 1558079629
2200 1558079629
1800 1558079629
2740 1558079629
100 1558079629
3800 1558079630
40019 1558079630
460 1558079630
3040 1558079630
380 1558079630
2660 1558079631
740 1558079631
40019 1558079631
1800 1558079631
480 1558079631
3400 1558079631
3740 1558079631
160 1558079631
3860 1558079631
40 1558079632
40018 1558079632
3100 1558079632
1340 1558079633
40019 1558079633
2120 1558079633
1060 1558079633
100 1558079633
2540 1558079633
2200 1558079634
40019 1558079634
260 1558079634
1860 1558079634
3340 1558079634
3260 1558079634
600 1558079634
100 1558079634
4020 1558079634
3660 1558079635
3420 1558079635
40018 1558079635
1260 1558079635
4400 1558079635
1800 1558079635
5980 1558079635
860 1558079635
40019 1558079636
640 1558079636
980 1558079636
5660 1558079636
740 1558079636
240 1558079637
40019 1558079637
860 1558079637
4600 1558079637
1100 1558079637
500 1558079637
40 1558079637
3540 1558079638
40018 1558079638
160 1558079638
1020 1558079638
4360 1558079638
760 1558079638
740 1558079638
560 1558079639
40019 1558079639
240 1558079639
360 1558079639
880 1558079639
260 1558079639
1240 1558079640
40019 1558079640
1120 1558079640
1580 1558079640
260 1558079641
40019 1558079641
1400 1558079641
2720 1558079641
820 1558079641
420 1558079641
40019 1558079642
440 1558079642
300 1558079642
460 1558079642
3720 1558079642
0 1558079642
4320 1558079643
40019 1558079643
4900 1558079643
460 1558079643
1200 1558079644
40019 1558079644
14620 1558079644
1360 1558079644
1440 1558079644
3800 1558079644
200 1558079644
40019 1558079645
200 1558079645
1460 1558079645
2100 1558079645
340 1558079645
7200 1558079646
2840 1558079646
40018 1558079646
2080 1558079646
360 1558079646
100 1558079646
40020 1558079647
3960 1558079647
2100 1558079647
1860 1558079647
5000 1558079647
4060 1558079648
580 1558079648
40018 1558079648
3460 1558079648
7140 1558079648
300 1558079648
40 1558079648
4660 1558079648
4500 1558079648
800 1558079649
40019 1558079649
740 1558079649
1180 1558079649
3600 1558079649
3220 1558079649
60 1558079649
40019 1558079650
4500 1558079650
400 1558079650
1440 1558079650
3160 1558079650
5240 1558079650
1040 1558079650
1420 1558079650
280 1558079650
40018 1558079651
360 1558079651
1920 1558079651
560 1558079651
3180 1558079651
460 1558079651
2680 1558079651
1600 1558079652
40018 1558079652
280 1558079652
1600 1558079652
900 1558079652
480 1558079652
9600 1558079652
200 1558079652
640 1558079652
2620 1558079653
40019 1558079653
1420 1558079653
520 1558079653
6960 1558079653
640 1558079653
5900 1558079653
40018 1558079654
140 1558079654
1040 1558079654
300 1558079654
80 1558079654
460 1558079654
1320 1558079654
40019 1558079655
2640 1558079655
500 1558079655
1280 1558079655
40019 1558079656
2060 1558079656
400 1558079656
1160 1558079656
2500 1558079656
1280 1558079656
1520 1558079656
600 1558079657
40019 1558079657
2540 1558079657
860 1558079657
40019 1558079658
6760 1558079658
2060 1558079658
1340 1558079658
2480 1558079658
4760 1558079658
5620 1558079659
40019 1558079659
5660 1558079659
200 1558079659
600 1558079660
40019 1558079660
1020 1558079660
3640 1558079660
420 1558079660
1300 1558079660
1440 1558079660
40019 1558079661
4200 1558079661
2980 1558079661
4020 1558079661
1860 1558079662
40019 1558079662
380 1558079662
280 1558079663
2260 1558079663
2200 1558079663
40019 1558079663
9080 1558079663
11880 1558079663
640 1558079663
380 1558079663
4000 1558079663
1300 1558079663
1200 1558079663
40018 1558079664
3020 1558079664
3960 1558079664
1700 1558079664
1000 1558079664
220 1558079664
10720 1558079664
40019 1558079665
260 1558079665
100 1558079665
1980 1558079665
60 1558079665
2100 1558079666
40019 1558079666
5340 1558079666
7200 1558079666
3120 1558079666
2420 1558079666
1560 1558079666
2200 1558079666
40018 1558079667
420 1558079667
220 1558079667
4080 1558079667
480 1558079667
2720 1558079668
40019 1558079668
2080 1558079668
3600 1558079668
380 1558079668
2900 1558079668
6480 1558079668
1180 1558079669
40019 1558079669
5580 1558079669
4580 1558079669
520 1558079669
1360 1558079669
4100 1558079669
3180 1558079670
40018 1558079670
2540 1558079670
800 1558079670
420 1558079670
360 1558079670
5140 1558079670
640 1558079671
40019 1558079671
640 1558079671
4400 1558079671
100 1558079671
3520 1558079671
5280 1558079672
40019 1558079672
180 1558079672
1080 1558079672
340 1558079672
1140 1558079672
1300 1558079673
40019 1558079673
820 1558079673
960 1558079673
1720 1558079673
1560 1558079673
140 1558079673
9400 1558079673
100 1558079674
40018 1558079674
2200 1558079674
2440 1558079674
800 1558079674
940 1558079674
560 1558079675
40019 1558079675
3340 1558079675
10960 1558079675
380 1558079675
2440 1558079675
660 1558079675
680 1558079676
40019 1558079676
260 1558079676
18020 1558079676
1760 1558079676
960 1558079676
1720 1558079676
460 1558079676
420 1558079676
1760 1558079677
40018 1558079677
200 1558079677
1540 1558079677
6620 1558079677
2300 1558079677
1500 1558079677
1520 1558079677
1360 1558079677
13980 1558079678
2960 1558079678
40019 1558079678
6980 1558079678
3940 1558079678
900 1558079678
200 1558079678
10760 1558079678
260 1558079678
2200 1558079678
1560 1558079679
1480 1558079679
40018 1558079679
900 1558079679
2280 1558079679
1580 1558079679
40019 1558079680
620 1558079680
880 1558079680
40019 1558079681
540 1558079681
2180 1558079681
2840 1558079681
340 1558079681
6000 1558079682
40019 1558079682
620 1558079682
1200 1558079682
260 1558079682
2280 1558079682
40019 1558079683
6620 1558079683
5080 1558079683
100 1558079683
480 1558079683
2600 1558079683
3040 1558079684
160 1558079684
40018 1558079684
5320 1558079684
1040 1558079684
480 1558079684
740 1558079684
5560 1558079684
2060 1558079685
560 1558079685
40019 1558079685
3180 1558079685
1120 1558079685
380 1558079685
1680 1558079686
40019 1558079686
1540 1558079686
880 1558079686
2120 1558079686
1340 1558079686
3160 1558079686
540 1558079687
40018 1558079687
2060 1558079687
120 1558079687
0 1558079687
360 1558079687
780 1558079687
1280 1558079687
40019 1558079688
5940 1558079688
3260 1558079688
8340 1558079689
40019 1558079689
4960 1558079689
2220 1558079689
120 1558079690
100 1558079690
4040 1558079690
40019 1558079690
2300 1558079690
840 1558079690
900 1558079690
2040 1558079690
40019 1558079691
60 1558079691
320 1558079691
4200 1558079691
40019 1558079692
600 1558079692
6840 1558079692
3220 1558079692
1160 1558079692
280 1558079692
40019 1558079693
40 1558079693
5500 1558079693
540 1558079693
2320 1558079693
40019 1558079694
2640 1558079694
3360 1558079694
3640 1558079694
4300 1558079694
1000 1558079695
40019 1558079695
560 1558079695
1860 1558079695
1320 1558079695
1280 1558079695
40019 1558079696
4040 1558079696
6000 1558079696
1460 1558079696
1000 1558079696
7780 1558079697
40019 1558079697
3480 1558079697
3060 1558079697
3600 1558079697
60 1558079697
980 1558079697
1060 1558079697
140 1558079697
3320 1558079698
40018 1558079698
7060 1558079698
40 1558079698
480 1558079698
40 1558079699
40019 1558079699
1200 1558079699
7580 1558079699
980 1558079699
4100 1558079699
40 1558079699
2080 1558079699
360 1558079699
7240 1558079699
980 1558079700
40018 1558079700
1840 1558079700
1420 1558079700
4340 1558079701
2300 1558079701
40019 1558079701
240 1558079701
3380 1558079701
2320 1558079701
1100 1558079702
40019 1558079702
1040 1558079702
1280 1558079702
3020 1558079702
4780 1558079702
3920 1558079702
3240 1558079703
40018 1558079703
4400 1558079703
6860 1558079703
3000 1558079703
860 1558079703
40019 1558079704
0 1558079704
2660 1558079704
260 1558079704
420 1558079704
100 1558079704
80 1558079704
40019 1558079705
100 1558079705
2940 1558079705
4500 1558079705
800 1558079705
260 1558079706
40019 1558079706
440 1558079706
400 1558079706
420 1558079706
1520 1558079706
340 1558079707
40019 1558079707
6120 1558079707
460 1558079707
40019 1558079708
3660 1558079708
1100 1558079708
0 1558079708
140 1558079708
1200 1558079709
40019 1558079709
880 1558079709
6060 1558079710
1020 1558079710
40019 1558079710
3460 1558079710
60 1558079710
4960 1558079710
660 1558079710
840 1558079711
5160 1558079711
40019 1558079711
2820 1558079711
840 1558079711
1280 1558079711
820 1558079711
240 1558079712
40019 1558079712
800 1558079712
560 1558079712
2220 1558079712
8620 1558079712
3640 1558079712
40019 1558079713
2400 1558079713
3800 1558079713
2260 1558079713
4420 1558079713
3740 1558079713
5340 1558079713
1660 1558079713
80 1558079714
2760 1558079714
40018 1558079714
580 1558079714
2320 1558079714
1520 1558079714
860 1558079714
1280 1558079714
11460 1558079714
800 1558079714
320 1558079715
40018 1558079715
820 1558079715
3100 1558079715
19200 1558079715
2440 1558079716
40019 1558079716
4840 1558079716
1660 1558079716
1720 1558079716
20 1558079716
40019 1558079717
180 1558079717
200 1558079717
2020 1558079717
200 1558079717
4720 1558079718
40019 1558079718
5900 1558079718
5560 1558079718
10060 1558079718
100 1558079718
2740 1558079718
440 1558079719
3780 1558079719
4000 1558079719
40019 1558079719
1280 1558079719
1620 1558079719
540 1558079719
4060 1558079719
6160 1558079719
3960 1558079720
40018 1558079720
900 1558079720
440 1558079720
440 1558079720
160 1558079720
1860 1558079720
40019 1558079721
1560 1558079721
6020 1558079721
1260 1558079721
3720 1558079721
3220 1558079721
1900 1558079721
840 1558079722
40019 1558079722
3520 1558079722
440 1558079722
3320 1558079722
960 1558079722
15540 1558079723
560 1558079723
80 1558079723
40019 1558079723
4100 1558079723
600 1558079723
520 1558079723
900 1558079723
40019 1558079724
2100 1558079724
800 1558079724
720 1558079724
3920 1558079724
780 1558079724
300 1558079724
360 1558079724
360 1558079725
1340 1558079725
40018 1558079725
1140 1558079725
8700 1558079725
160 1558079725
100 1558079725
120 1558079725
6440 1558079725
320 1558079726
40018 1558079726
1720 1558079726
3260 1558079726
480 1558079726
40020 1558079727
3820 1558079727
1660 1558079727
840 1558079727
2220 1558079727
2080 1558079727
180 1558079727
1680 1558079727
40018 1558079728
160 1558079728
400 1558079728
2660 1558079728
80 1558079728
1920 1558079729
1980 1558079729
40019 1558079729
4160 1558079729
2480 1558079729
2080 1558079729
440 1558079729
3600 1558079730
680 1558079730
7540 1558079730
40019 1558079730
840 1558079730
980 1558079730
1480 1558079730
760 1558079730
7140 1558079731
40018 1558079731
160 1558079731
3100 1558079731
1920 1558079732
40020 1558079732
80 1558079732
1140 1558079732
2480 1558079732
6240 1558079732
2400 1558079733
40018 1558079733
2380 1558079733
2720 1558079733
1280 1558079733
8740 1558079733
2700 1558079733
1260 1558079733
680 1558079733
240 1558079733
280 1558079734
40019 1558079734
40 1558079734
320 1558079734
1120 1558079735
1080 1558079735
40018 1558079735
1460 1558079735
3300 1558079735
100 1558079735
5320 1558079735
980 1558079735
1900 1558079735
1460 1558079735
2000 1558079736
40019 1558079736
4000 1558079736
2080 1558079736
600 1558079736
1820 1558079736
660 1558079737
5680 1558079737
40018 1558079737
2120 1558079737
1620 1558079737
1180 1558079737
1520 1558079737
460 1558079737
2820 1558079738
40019 1558079738
2360 1558079738
60 1558079738
760 1558079738
140 1558079739
2320 1558079739
40019 1558079739
520 1558079739
1140 1558079739
740 1558079739
980 1558079739
1160 1558079739
1280 1558079740
40019 1558079740
5660 1558079740
120 1558079740
400 1558079740
1040 1558079740
2220 1558079741
40018 1558079741
520 1558079741
1720 1558079741
1000 1558079741
1240 1558079742
3620 1558079742
40019 1558079742
3840 1558079742
140 1558079742
240 1558079742
9900 1558079742
40019 1558079743
2260 1558079743
1120 1558079743
4720 1558079743
2360 1558079743
2520 1558079743
2200 1558079744
3240 1558079744
40019 1558079744
200 1558079744
1900 1558079744
1580 1558079744
340 1558079745
40019 1558079745
840 1558079745
2560 1558079745
2820 1558079745
10860 1558079745
4380 1558079746
40019 1558079746
420 1558079746
2600 1558079746
340 1558079746
940 1558079747
40019 1558079747
620 1558079747
7940 1558079747
1860 1558079747
180 1558079747
1040 1558079747
2040 1558079748
820 1558079748
40019 1558079748
1420 1558079748
780 1558079748
380 1558079748
10440 1558079748
4080 1558079748
820 1558079748
1480 1558079749
1300 1558079749
40018 1558079749
60 1558079749
3280 1558079749
2960 1558079749
7240 1558079749
15320 1558079750
380 1558079750
40019 1558079750
1840 1558079750
3920 1558079750
1840 1558079750
1200 1558079750
2100 1558079750
640 1558079750
540 1558079751
40018 1558079751
2660 1558079751
680 1558079751
7640 1558079751
40020 1558079752
340 1558079752
7920 1558079752
2080 1558079752
40019 1558079753
6180 1558079753
4620 1558079753
4700 1558079753
840 1558079754
220 1558079754
40019 1558079754
1340 1558079754
2200 1558079754
2500 1558079754
880 1558079754
2240 1558079755
40018 1558079755
3760 1558079755
3600 1558079755
2020 1558079755
600 1558079755
840 1558079756
3840 1558079756
40019 1558079756
1720 1558079756
1720 1558079756
1160 1558079756
1580 1558079756
800 1558079756
1820 1558079756
40019 1558079757
2720 1558079757
3500 1558079757
1040 1558079757
4940 1558079758
1220 1558079758
40019 1558079758
5540 1558079758
100 1558079758
360 1558079758
920 1558079759
40019 1558079759
5460 1558079759
1140 1558079759
1980 1558079759
140 1558079759
740 1558079759
40019 1558079760
1060 1558079760
3260 1558079760
4120 1558079760
1300 1558079761
40018 1558079761
5700 1558079761
980 1558079761
1920 1558079761
40 1558079761
840 1558079762
1420 1558079762
40019 1558079762
4200 1558079762
1300 1558079762
9240 1558079762
1900 1558079762
740 1558079762
860 1558079762
360 1558079762
40018 1558079763
1660 1558079763
740 1558079763
1060 1558079763
760 1558079763
3400 1558079764
5560 1558079764
40019 1558079764
4000 1558079764
3200 1558079764
40019 1558079765
860 1558079765
5160 1558079765
1900 1558079765
3440 1558079765
540 1558079765
40019 1558079766
300 1558079766
40020 1558079767
120 1558079767
2160 1558079767
1480 1558079768
420 1558079768
40019 1558079768
20 1558079768
480 1558079768
240 1558079768
1440 1558079768
580 1558079768
40019 1558079769
9340 1558079769
2220 1558079769
1020 1558079769
4220 1558079769
3280 1558079769
7620 1558079769
1280 1558079769
40018 1558079770
540 1558079770
1980 1558079770
480 1558079770
1740 1558079770
2520 1558079771
1440 1558079771
1360 1558079771
40019 1558079771
480 1558079771
1760 1558079771
1340 1558079771
860 1558079771
4660 1558079771
1780 1558079771
620 1558079772
40018 1558079772
280 1558079772
4760 1558079772
320 1558079772
1700 1558079772
1000 1558079773
160 1558079773
40019 1558079773
560 1558079773
1640 1558079773
640 1558079773
6360 1558079774
40019 1558079774
1540 1558079774
2380 1558079774
3960 1558079774
1980 1558079774
40019 1558079775
1420 1558079775
1140 1558079775
2760 1558079775
3340 1558079775
1140 1558079775
2060 1558079776
100 1558079776
40018 1558079776
2140 1558079776
2240 1558079776
3220 1558079776
3880 1558079776
600 1558079776
840 1558079776
40019 1558079777
5220 1558079777
600 1558079777
3660 1558079777
9000 1558079777
660 1558079777
340 1558079778
1600 1558079778
40018 1558079778
5300 1558079778
4600 1558079778
1880 1558079778
1180 1558079778
5720 1558079778
3000 1558079778
40019 1558079779
1740 1558079779
2040 1558079779
900 1558079779
1440 1558079779
720 1558079779
2680 1558079779
2560 1558079780
880 1558079780
2040 1558079780
40018 1558079780
5520 1558079780
380 1558079780
1420 1558079780
4760 1558079780
120 1558079780
3040 1558079780
200 1558079780
9800 1558079781
2440 1558079781
40018 1558079781
800 1558079781
100 1558079781
4600 1558079781
360 1558079781
1700 1558079781
60 1558079781
5660 1558079782
40019 1558079782
1440 1558079782
2000 1558079782
4220 1558079782
5500 1558079782
1620 1558079782
40019 1558079783
3220 1558079783
2260 1558079783
1880 1558079783
2060 1558079783
1200 1558079784
2120 1558079784
4900 1558079784
40018 1558079784
10960 1558079784
2240 1558079784
4960 1558079784
4240 1558079784
800 1558079784
1000 1558079785
2240 1558079785
7680 1558079785
40019 1558079785
6620 1558079785
7360 1558079785
60 1558079785
0 1558079785
2380 1558079785
40 1558079786
40018 1558079786
220 1558079786
740 1558079786
460 1558079786
580 1558079786
3060 1558079786
760 1558079787
4880 1558079787
40019 1558079787
3180 1558079787
5620 1558079787
40019 1558079788
2740 1558079788
1720 1558079788
1700 1558079788
300 1558079789
40019 1558079789
7640 1558079789
1000 1558079789
740 1558079789
1320 1558079790
40019 1558079790
1100 1558079790
220 1558079790
2480 1558079790
280 1558079790
4160 1558079791
2880 1558079791
40019 1558079791
420 1558079791
1700 1558079791
1780 1558079791
2140 1558079792
4920 1558079792
40019 1558079792
640 1558079792
7000 1558079792
10540 1558079792
2980 1558079792
3080 1558079792
2760 1558079792
1940 1558079792
40019 1558079793
1540 1558079793
380 1558079793
820 1558079794
40019 1558079794
1000 1558079794
720 1558079794
740 1558079794
4180 1558079794
5520 1558079795
10920 1558079795
40018 1558079795
240 1558079795
360 1558079795
1520 1558079795
880 1558079795
40019 1558079796
6420 1558079796
5400 1558079796
20 1558079796
460 1558079796
40019 1558079797
540 1558079797
420 1558079797
1840 1558079797
2100 1558079798
40019 1558079798
2400 1558079798
6800 1558079798
4860 1558079798
4960 1558079798
2180 1558079798
840 1558079798
600 1558079799
780 1558079799
40019 1558079799
3980 1558079799
6260 1558079799
1740 1558079799
2360 1558079799
1300 1558079800
3800 1558079800
40018 1558079800
3700 1558079800
8100 1558079800
5180 1558079800
1380 1558079801
40019 1558079801
1420 1558079801
1660 1558079801
6560 1558079801
1460 1558079802
10160 1558079802
1320 1558079802
40019 1558079802
3280 1558079802
1300 1558079802
3220 1558079802
40019 1558079803
1340 1558079803
3280 1558079803
320 1558079803
280 1558079804
1680 1558079804
920 1558079804
40019 1558079804
1120 1558079804
3120 1558079804
1880 1558079804
980 1558079804
0 1558079805
1100 1558079805
840 1558079805
40018 1558079805
1180 1558079805
12060 1558079805
420 1558079805
860 1558079805
1280 1558079805
260 1558079806
4300 1558079806
4760 1558079806
40019 1558079806
2940 1558079806
2900 1558079806
4280 1558079806
40019 1558079807
3140 1558079807
2280 1558079807
4620 1558079807
100 1558079807
680 1558079808
6120 1558079808
40019 1558079808
1020 1558079808
120 1558079808
2460 1558079808
1960 1558079808
40019 1558079809
3500 1558079809
1600 1558079809
6440 1558079809
2820 1558079809
1780 1558079809
540 1558079810
3940 1558079810
1180 1558079810
40018 1558079810
1820 1558079810
7860 1558079810
160 1558079810
360 1558079810
1740 1558079810
8040 1558079811
300 1558079811
760 1558079811
40019 1558079811
9400 1558079811
1700 1558079811
2220 1558079811
1420 1558079812
40019 1558079812
360 1558079812
2760 1558079812
460 1558079813
1380 1558079813
40019 1558079813
40 1558079813
200 1558079813
11040 1558079813
4320 1558079813
4180 1558079813
2240 1558079814
40018 1558079814
2520 1558079814
1780 1558079814
2300 1558079815
3500 1558079815
40019 1558079815
2100 1558079815
6800 1558079815
4260 1558079815
120 1558079815
900 1558079816
40019 1558079816
2980 1558079816
1040 1558079816
1240 1558079816
3980 1558079816
1520 1558079816
1880 1558079816
1440 1558079817
540 1558079817
40019 1558079817
180 1558079817
460 1558079817
1160 1558079817
1260 1558079817
40019 1558079818
4260 1558079818
2280 1558079818
840 1558079818
1120 1558079818
6260 1558079818
3680 1558079818
820 1558079818
2360 1558079819
220 1558079819
40018 1558079819
1520 1558079819
5020 1558079820
11220 1558079820
4840 1558079820
40019 1558079820
280 1558079820
1860 1558079820
4800 1558079820
260 1558079820
720 1558079820
6160 1558079820
1420 1558079820
620 1558079820
180 1558079820
2760 1558079821
40018 1558079821
800 1558079821
860 1558079821
2060 1558079821
40019 1558079822
4620 1558079822
2180 1558079822
6480 1558079822
40019 1558079823
8680 1558079823
4380 1558079823
3160 1558079823
100 1558079823
3420 1558079823
5780 1558079824
40019 1558079824
2480 1558079824
600 1558079824
1120 1558079825
2800 1558079825
40019 1558079825
940 1558079825
4080 1558079825
2080 1558079825
2820 1558079825
3180 1558079825
320 1558079825
120 1558079825
1420 1558079826
40018 1558079826
10680 1558079826
19480 1558079826
220 1558079826
2360 1558079826
1900 1558079826
5100 1558079826
580 1558079827
40019 1558079827
4660 1558079827
5320 1558079827
220 1558079827
780 1558079828
420 1558079828
40019 1558079828
3820 1558079828
660 1558079828
1960 1558079829
3120 1558079829
2520 1558079829
40019 1558079829
1780 1558079829
1580 1558079829
140 1558079829
100 1558079829
4660 1558079829
6320 1558079829
4980 1558079829
580 1558079830
3120 1558079830
40018 1558079830
2120 1558079830
7940 1558079830
100 1558079830
500 1558079830
1180 1558079830
1100 1558079830
580 1558079831
700 1558079831
1660 1558079831
40018 1558079831
840 1558079831
2860 1558079831
3980 1558079831
7000 1558079831
1160 1558079832
40018 1558079832
4020 1558079832
980 1558079832
5580 1558079832
2700 1558079832
9460 1558079832
1220 1558079833
1420 1558079833
40018 1558079833
360 1558079833
680 1558079833
920 1558079833
3640 1558079834
1040 1558079834
40018 1558079834
3760 1558079834
1640 1558079834
1860 1558079835
120 1558079835
2680 1558079835
40018 1558079835
4160 1558079835
80 1558079835
320 1558079835
40 1558079835
620 1558079836
520 1558079836
40018 1558079836
3180 1558079836
3980 1558079836
140 1558079836
860 1558079836
5040 1558079836
1440 1558079836
280 1558079837
5400 1558079837
40018 1558079837
240 1558079837
1000 1558079837
660 1558079838
5340 1558079838
40019 1558079838
1120 1558079838
2460 1558079838
720 1558079838
480 1558079838
40019 1558079839
4040 1558079839
720 1558079839
180 1558079839
3940 1558079839
360 1558079839
580 1558079840
2040 1558079840
580 1558079840
40018 1558079840
1300 1558079840
760 1558079840
6280 1558079840
560 1558079840
100 1558079841
8300 1558079841
2520 1558079841
40018 1558079841
1320 1558079841
9580 1558079841
180 1558079841
8460 1558079841
280 1558079842
40019 1558079842
10340 1558079842
5480 1558079842
1800 1558079842
2120 1558079843
2800 1558079843
40019 1558079843
2500 1558079843
340 1558079843
40 1558079844
1440 1558079844
40019 1558079844
1140 1558079844
2900 1558079844
1140 1558079844
660 1558079844
8200 1558079844
40018 1558079845
1620 1558079845
4840 1558079845
3040 1558079845
4200 1558079846
2600 1558079846
40019 1558079846
2680 1558079846
1300 1558079846
360 1558079846
840 1558079846
1180 1558079847
3160 1558079847
40017 1558079847
5060 1558079847
4460 1558079847
1260 1558079847
160 1558079848
2940 1558079848
2860 1558079848
40019 1558079848
1880 1558079848
2900 1558079848
3040 1558079848
520 1558079849
40019 1558079849
3200 1558079849
3060 1558079849
2200 1558079849
1560 1558079849
380 1558079849
3760 1558079849
2160 1558079850
40017 1558079850
20 1558079850
640 1558079850
5000 1558079851
3120 1558079851
680 1558079851
40019 1558079851
2040 1558079851
2560 1558079851
12860 1558079851
1480 1558079851
3480 1558079852
40019 1558079852
500 1558079852
7960 1558079852
760 1558079852
4240 1558079852
1280 1558079853
5400 1558079853
400 1558079853
40019 1558079853
5520 1558079853
3020 1558079854
2460 1558079854
40018 1558079854
780 1558079854
440 1558079854
3720 1558079854
3400 1558079854
400 1558079855
40018 1558079855
2240 1558079855
2640 1558079855
2540 1558079855
120 1558079856
40018 1558079856
1580 1558079856
80 1558079856
2160 1558079856
1220 1558079856
180 1558079857
40019 1558079857
180 1558079857
10040 1558079857
4640 1558079858
2200 1558079858
40018 1558079858
2980 1558079858
1280 1558079858
300 1558079858
5680 1558079858
1740 1558079858
940 1558079859
1060 1558079859
40018 1558079859
2400 1558079859
400 1558079859
1340 1558079859
1040 1558079860
1720 1558079860
40019 1558079860
2580 1558079860
220 1558079860
420 1558079861
40019 1558079861
100 1558079861
1060 1558079861
6260 1558079861
4160 1558079861
2940 1558079861
40017 1558079862
3200 1558079862
0 1558079862
1940 1558079863
40019 1558079863
180 1558079863
640 1558079863
1480 1558079864
140 1558079864
40018 1558079864
4120 1558079864
120 1558079864
2400 1558079864
520 1558079864
3560 1558079864
1140 1558079865
40019 1558079865
40001 1558079866
40000 1558079867
40000 1558079868
40000 1558079869