 	Area	Mean	StdDev	Min	Max	XM	YM	Angle	Length
1	0.044	76.634	34.958	33.155	255	0	0	162.646	2.557
2	0.043	71.848	35.596	36.633	144.947	0	0	132.274	2.52
3	0.039	57.054	49.595	24.912	255	0	0	0.431	2.255
4	0.045	63.953	47.57	27.753	255	0	0	-17.266	2.627
5	0.046	79.964	49.112	31.139	255	0	0	-13.861	2.689
6	0.041	59.476	36.472	33.038	255	0	0	136.425	2.41
7	0.038	77.757	51.211	30.874	255	0	0	52.512	2.2
8	0.044	57.092	46.781	29.229	255	0	0	57.558	2.591
9	0.043	68.113	56.925	27.054	255	0	0	-30.033	2.506
10	0.044	67.551	43.487	33.545	255	0	0	137.42	2.555
11	0.036	56.26	33.762	30.123	255	0	0	127.235	2.129
12	0.041	76.624	56.708	29.333	255	0	0	75.769	2.413
13	0.049	67.86	37.359	36.933	255	0	0	-177.306	2.885
14	0.044	48.181	22.321	29.588	129.119	0	0	-49.521	2.585
15	0.036	63.611	51.306	28.588	255	0	0	-5.11	2.093
16	0.039	64.57	56.867	30.898	255	0	0	7.707	2.275
17	0.039	57.416	46.801	29.099	255	0	0	-31.915	2.277
18	0.037	74.385	51.495	32.988	255	0	0	58.805	2.16
19	0.04	69.147	51.103	30.416	255	0	0	122.76	2.318
20	0.04	61.628	50.655	28.667	255	0	0	7.023	2.357
21	0.042	57.83	39.57	28.828	255	0	0	63.435	2.464
22	0.047	73.26	44.993	33.543	255	0	0	172.219	2.754
23	0.041	71.692	56.584	28.489	255	0	0	-39.806	2.383
24	0.049	72.55	51.928	29.176	255	0	0	-12.894	2.887
25	0.051	61.625	30.807	35	255	0	0	-177.748	3.02
26	0.038	60.28	38.767	28.566	255	0	0	-117.738	2.222
27	0.037	78.254	49.538	33.07	255	0	0	171.051	2.179
28	0.055	68.865	45.696	29.38	255	0	0	14.47	3.256
29	0.063	60.324	45.284	28.819	255	0	0	-16.345	3.674
30	0.047	72.956	53.77	28.294	255	0	0	-34.563	2.779
31	0.037	78.581	41.734	34.31	226.667	0	0	-10.869	2.158
32	0.038	54.758	20.998	33.481	134	0	0	120.51	2.204
33	0.054	80.253	52.198	34.561	255	0	0	-175.083	3.164
34	0.036	56.566	52.518	25.803	255	0	0	115.346	2.138
35	0.041	92.172	64.969	32.778	255	0	0	39.232	2.385
36	0.038	67.348	57.06	25.538	255	0	0	114.007	2.208
37	0.048	67.669	43.879	28.829	255	0	0	135.731	2.817
38	0.05	116.014	60.639	52	255	0	0	-162.408	2.916
39	0.053	86.429	44.073	42.557	255	0	0	-179.685	3.085
40	0.046	72.637	59.706	31.01	255	0	0	-157.132	2.704
41	0.045	65.178	40.765	30.084	255	0	0	171.085	2.625
42	0.045	80.574	44.108	47.957	255	0	0	-169.129	2.606
43	0.044	73.714	55.661	28.479	255	0	0	-14.589	2.557
44	0.043	69.837	49.944	28.996	255	0	0	-35.716	2.526
45	0.039	66.838	47.988	30.18	255	0	0	19.654	2.268
46	0.062	88.826	58.111	32.399	255	0	0	121.555	3.66
47	0.04	58.357	34.601	32.333	255	0	0	166.165	2.339
48	0.034	53.759	25.704	31.222	132.685	0	0	129.428	1.975
49	0.043	71.695	39.358	31.004	232	0	0	52.595	2.539
50	0.037	60.657	53.043	30.151	255	0	0	7.684	2.155
51	0.036	63.634	61.135	30	255	0	0	-11.936	2.131
52	0.047	62.732	40.499	30.175	255	0	0	51.45	2.774
53	0.053	69.645	42.762	31.125	255	0	0	18.138	3.104
54	0.039	65.553	47.949	28.008	255	0	0	144.162	2.258
55	0.036	61.6	41.923	25.274	255	0	0	117.392	2.1
56	0.05	87.829	49.417	38.638	255	0	0	179.007	2.933
57	0.046	61.372	37.599	30.741	255	0	0	49.87	2.683
58	0.036	66.293	34.116	26.25	161.333	0	0	107.409	2.096
59	0.043	57.509	35.691	29.935	255	0	0	170.036	2.547
60	0.035	54.773	29.458	33	250	0	0	136.655	2.074
61	0.034	56.016	28.42	34.706	254.667	0	0	121.293	2.023
62	0.047	68.726	40.761	35.537	255	0	0	-174.325	2.743
63	0.049	61.379	50.866	28.683	255	0	0	-9.407	2.904
64	0.043	62.766	42.849	29.198	255	0	0	49.399	2.5
65	0.045	70.601	45.14	28.372	255	0	0	157.996	2.669
66	0.038	58.495	30.983	34.185	254	0	0	121.492	2.207
67	0.046	73.706	54.921	26.842	255	0	0	-33.69	2.689
68	0.043	88.721	51.556	31.872	255	0	0	53.207	2.519
69	0.041	75.105	60.298	29.466	255	0	0	20.837	2.43
70	0.045	63.366	25.443	36.741	167.333	0	0	177.447	2.664
71	0.049	66.106	32.126	25.667	255	0	0	106.409	2.88
72	0.035	61.096	45.665	30.404	255	0	0	147.349	2.074
73	0.047	78.076	46.695	31.028	222.333	0	0	26.25	2.759
74	0.045	61.079	24.503	30.234	106.398	0	0	170.72	2.628
75	0.039	73.064	58.265	28.059	255	0	0	64.957	2.283
76	0.037	71.681	52.698	30.537	255	0	0	55.561	2.158
77	0.051	79.38	57.376	30.677	255	0	0	27.728	2.987
78	0.052	54.438	26.012	28.738	215.333	0	0	66.843	3.06
79	0.044	68.478	58.229	25.146	255	0	0	-43.668	2.578
80	0.041	67.371	52.149	29.772	255	0	0	-14.931	2.368
81	0.047	58.715	41.232	28.804	255	0	0	165.541	2.783
82	0.038	77.295	51.231	30.692	255	0	0	32.237	2.224
83	0.044	53.524	42.81	31.434	255	0	0	133.118	2.554
84	0.038	61.926	52.633	27.879	255	0	0	5.234	2.23
85	0.041	66.126	54.393	28.34	255	0	0	-34.824	2.375
86	0.037	48.276	15.682	26.248	94.962	0	0	159.027	2.178
87	0.039	91.5	45.695	55.377	255	0	0	-158.902	2.307
88	0.041	73.678	54.031	29.667	255	0	0	62.7	2.365
89	0.038	65.051	49.708	29.258	253.041	0	0	14.25	2.204
90	0.047	79.254	40.639	38.911	255	0	0	-179.644	2.729
91	0.042	61.354	44.113	25.266	255	0	0	119.208	2.466
92	0.052	72.755	43.595	28.346	255	0	0	29.148	3.028
93	0.034	57.259	26.182	33.295	251	0	0	163.72	1.995
94	0.038	57.714	39.097	28.699	255	0	0	153.435	2.236
95	0.039	55.84	31.177	29.48	239	0	0	139.49	2.296
96	0.054	83.688	51.413	28.658	255	0	0	66.038	3.172
97	0.045	68.914	51.435	30.411	255	0	0	23.736	2.611
98	0.037	63.728	55.523	31.053	255	0	0	132.809	2.195
99	0.049	83.041	51.344	38.075	255	0	0	-179.326	2.882
100	0.045	93.918	38.488	61.292	255	0	0	-155.556	2.663
101	0.061	64.34	46.638	30.168	255	0	0	23.552	3.606
102	0.042	62.298	45.29	28.023	255	0	0	-36.232	2.438
103	0.037	58.491	44.961	30.854	255	0	0	55.192	2.168
104	0.036	61.667	36.553	30.44	255	0	0	82.648	2.119
105	0.038	59.537	42.898	28.789	255	0	0	68.523	2.222
106	0.05	66.46	48.114	28.257	255	0	0	-12.095	2.912
107	0.04	72.462	50.081	32.941	255	0	0	-10.746	2.364
108	0.043	76.997	43.736	26.054	184	0	0	109.29	2.514
109	0.043	72.564	50.172	31.934	255	0	0	130.394	2.537
110	0.042	63.858	45.057	28.898	255	0	0	151.834	2.442
111	0.04	51.948	19.098	29.709	148.667	0	0	167.963	2.357
112	0.042	70.183	40.631	42.035	255	0	0	5.947	2.454
113	0.043	86.523	56.062	30.436	255	0	0	44.726	2.505
114	0.041	72.744	26.509	43.399	164.667	0	0	-170.272	2.408
115	0.046	53.306	18.7	28.655	109.532	0	0	-36.08	2.706
116	0.032	59.023	44.271	29.377	255	0	0	9.549	1.839
117	0.04	56.786	45.914	29.843	242.521	0	0	-10.081	2.324
118	0.041	56.588	34.063	26.035	255	0	0	108.052	2.407
119	0.041	78.135	33.378	41.455	229.333	0	0	-174.33	2.402
120	0.032	61.565	45.102	27.911	255	0	0	17.103	1.844
121	0.041	67.892	50.489	30.868	255	0	0	56.421	2.421
122	0.049	71.628	43.704	32.667	255	0	0	175.962	2.889
123	0.038	61.714	56.889	28.492	255	0	0	12.246	2.238
124	0.045	81.661	47.229	34.585	255	0	0	174.508	2.657
125	0.048	79.267	43.653	38.559	255	0	0	-169.167	2.796
126	0.047	72.801	53.474	30.265	255	0	0	-160.346	2.772
127	0.036	64.91	37.258	30.28	255	0	0	119.859	2.111
128	0.036	57.489	27.803	30.75	247.667	0	0	51.483	2.123
129	0.05	75.061	44.091	29.724	171.405	0	0	-97.289	2.939
130	0.053	52.198	39.336	29.526	255	0	0	-3.403	3.141
131	0.043	63.739	42.184	30.147	207.571	0	0	18.677	2.541
132	0.041	73.615	57.495	29.781	255	0	0	47.891	2.376
133	0.042	79.321	46.271	39.808	255	0	0	178.431	2.476
134	0.04	56.864	31.102	30.734	253.333	0	0	137.337	2.351
135	0.047	60.717	50.932	27.279	255	0	0	-19.323	2.766
136	0.047	81.927	53.86	28.815	255	0	0	15.505	2.727
137	0.05	74.554	47.351	31.93	255	0	0	145.199	2.911
138	0.042	61.134	48.432	27.654	255	0	0	-35.538	2.479
139	0.032	79.939	58.037	30.008	255	0	0	38.82	1.893
140	0.034	56.796	36.838	31.271	255	0	0	61.504	2.025
141	0.049	75.125	54.193	35.09	255	0	0	175.653	2.907
142	0.036	89.907	40.946	57.713	255	0	0	-159.821	2.113
143	0.051	99.4	42.406	57.873	252.598	0	0	-153.289	2.979
144	0.041	56.953	45.205	28.936	255	0	0	1.219	2.391
145	0.038	59.911	56.972	27.854	255	0	0	-14.25	2.204
146	0.038	81.634	57.647	33.333	255	0	0	41.923	2.233
147	0.047	86.993	57.166	30.7	255	0	0	31.329	2.738
148	0.045	64.046	33.443	34.183	255	0	0	144.765	2.615
149	0.047	62.855	45.418	28.73	255	0	0	-27.198	2.744
150	0.036	51.385	18.044	30.667	153.333	0	0	166.075	2.113
151	0.038	58.712	50.759	27.298	255	0	0	-35.74	2.235
152	0.036	61.844	46.373	29.871	255	0	0	-2.77	2.104
153	0.038	68.513	52.085	29.684	255	0	0	53.303	2.241
154	0.038	52.151	23.743	27.606	187.333	0	0	156.346	2.239
155	0.048	50.334	27.73	26.075	249.667	0	0	108.325	2.803
156	0.053	68.184	49.941	27.485	255	0	0	-27.121	3.123
157	0.046	57.003	43.256	30.067	255	0	0	49.321	2.705
158	0.049	97.425	44.07	66.194	255	0	0	-152.835	2.896
159	0.039	61.18	33.073	32.773	255	0	0	165.343	2.278
160	0.04	69.855	51.386	30	255	0	0	69.59	2.333
161	0.036	57.445	33.666	29.465	213.667	0	0	23.015	2.081
162	0.039	49.139	17.914	28.667	117.174	0	0	139.764	2.309
163	0.044	73.589	58.543	29	255	0	0	-159.532	2.569
164	0.041	60.756	35.299	28.667	255	0	0	-15.503	2.41
165	0.04	63.464	48.517	32.515	255	0	0	137.951	2.328
166	0.037	66.173	19.759	45.036	126.072	0	0	-168.341	2.181
167	0.042	63.108	47.319	28.778	255	0	0	-20.323	2.44
168	0.051	105.573	55.076	54.099	255	0	0	-162.181	2.991
169	0.058	116.942	52.413	64.398	242.44	0	0	-150.751	3.4
170	0.045	59.519	38.164	30.376	255	0	0	-15.484	2.603
171	0.043	65.996	46.359	31.333	255	0	0	134.178	2.505
172	0.043	53.544	45.539	27.446	255	0	0	-3.48	2.513
173	0.04	71.473	49.218	29.105	255	0	0	48.229	2.341
174	0.046	77.393	53.565	30.193	255	0	0	125.496	2.686
175	0.035	48.477	20.963	26.861	129.449	0	0	112.15	2.068
176	0.038	63.526	55.714	27.904	255	0	0	109.832	2.198
177	0.043	65.062	35.268	29.967	255	0	0	19.525	2.536
178	0.039	59.685	38.077	31.862	246	0	0	164.113	2.291
179	0.038	62.488	55.056	30.063	255	0	0	-16.783	2.231
180	0.04	67.255	41.629	27.806	255	0	0	63.988	2.358
181	0.038	66.93	51.444	28.484	255	0	0	126.254	2.207
182	0.036	72.915	29.586	41.344	255	0	0	-174.428	2.095
183	0.045	87.594	56.447	31.414	255	0	0	32.557	2.614
184	0.037	68.214	34.488	37.776	255	0	0	177.763	2.171
185	0.052	47.898	29.578	26.141	255	0	0	99.567	3.06
186	0.042	69.594	46.029	28.763	255	0	0	10.766	2.45
187	0.039	67.906	51.178	28.898	255	0	0	-8.68	2.246
188	0.043	61.613	52.883	27.711	255	0	0	-35.716	2.526
189	0.038	60.679	47.618	29.493	255	0	0	168.089	2.217
190	0.038	60.04	50.141	25.944	255	0	0	99.176	2.232
191	0.049	71.54	38.848	31	149.923	0	0	135.242	2.841
192	0.04	62.72	43.076	33.498	255	0	0	163.142	2.338
193	0.047	62.289	49.76	30.395	255	0	0	55.037	2.751
194	0.043	75.269	55.535	29.336	255	0	0	34.866	2.52
195	0.048	56.303	42.931	29.327	255	0	0	-10.028	2.823
196	0.05	85.362	52.531	28.897	255	0	0	-130.276	2.91
197	0.047	74.017	50.463	30.355	246.762	0	0	25.615	2.745
198	0.044	77.792	50.777	30	255	0	0	168.541	2.56
199	0.05	103.737	54.753	40.603	255	0	0	-169.278	2.916
200	0.043	63.866	54.557	28.945	255	0	0	9.335	2.508
201	0.043	53.954	33.968	26.189	255	0	0	124.33	2.525
202	0.042	68.894	58.334	29.393	255	0	0	-38.598	2.473
203	0.039	66.227	53.159	29.111	255	0	0	31.691	2.291
204	0.041	66.636	38.359	30.059	255	0	0	56.088	2.431
205	0.044	64.093	40.083	28.803	204.242	0	0	36.719	2.58
206	0.051	80.71	49.975	33.801	255	0	0	178.391	3.018
207	0.038	82.289	44.662	45.7	250.567	0	0	15.826	2.238
208	0.034	54.602	31.367	24.224	247.333	0	0	108.122	1.962
209	0.041	55.439	56.516	26.228	255	0	0	5.711	2.385
210	0.04	54.341	30.72	29.27	255	0	0	132.639	2.327
211	0.043	53.313	26.567	27.667	255	0	0	149.967	2.506
212	0.043	57.398	48.938	28.189	255	0	0	-22.443	2.531
213	0.036	79.748	56.615	29.23	255	0	0	56.567	2.092
214	0.042	92.92	56.463	46.211	255	0	0	-167.685	2.464
215	0.035	88.857	66.87	30.589	255	0	0	34.484	2.036
216	0.041	56.248	44.593	29.5	255	0	0	12.352	2.377
217	0.036	63.693	41.831	31.411	255	0	0	51.557	2.099
218	0.047	60.936	38.001	30.406	255	0	0	138.278	2.725
219	0.057	72.43	44.481	30.643	255	0	0	-11.65	3.358
220	0.035	51.552	23.963	30.167	212.667	0	0	72.474	2.026
221	0.045	67.291	52.456	28.069	255	0	0	-32.242	2.605
222	0.054	65.444	46.63	27.07	255	0	0	-17.557	3.147
223	0.04	61.85	44.148	29.042	255	0	0	15.546	2.34
224	0.041	63.659	44.382	27.333	255	0	0	72.084	2.369
225	0.042	81.054	54.73	36	255	0	0	177.647	2.477
226	0.036	66.024	38.957	25.197	247.667	0	0	108.875	2.096
227	0.049	79.287	47.031	36.412	255	0	0	-178.652	2.882
228	0.04	82.565	46.305	46.559	255	0	0	-166.165	2.339
229	0.036	53.016	20.51	31.63	154.333	0	0	158.537	2.131
230	0.045	61.816	22.843	35.329	110.591	0	0	-177.783	2.629
231	0.036	57.052	42.897	28.204	255	0	0	126.961	2.143
232	0.036	66.497	46.491	29.998	255	0	0	61.574	2.101
233	0.039	51.673	36.906	24.138	242.667	0	0	1.697	2.289
234	0.037	59.677	46.022	24.229	255	0	0	-29.578	2.163
235	0.041	73.352	43.14	31.476	255	0	0	53.854	2.414
236	0.043	55.691	22.679	31.103	150.667	0	0	132.797	2.495
237	0.05	49.791	34.562	25.293	255	0	0	-25.534	2.949
238	0.047	85.526	55.276	24.874	255	0	0	109.223	2.729
239	0.039	79.873	56.575	33.492	255	0	0	172.77	2.29
240	0.049	65.434	39.187	27.853	255	0	0	-22.49	2.88
241	0.045	66.281	37.798	31.082	253.333	0	0	178.14	2.612
242	0.043	71.253	53.404	25.658	255	0	0	114.855	2.541
243	0.041	103.92	44.641	62.563	255	0	0	-154.167	2.373
244	0.033	58.909	30.703	30.001	145.333	0	0	7.063	1.93
245	0.035	56.463	41.451	31.7	255	0	0	132.683	2.075
246	0.036	55.272	44.565	27.559	255	0	0	-31.363	2.084
247	0.038	70.55	54.397	29.515	253.667	0	0	33.079	2.205
248	0.044	61.862	50.786	26.667	255	0	0	-33.275	2.595
249	0.045	72.175	54.511	25.005	251.261	0	0	-147.131	2.624
250	0.075	67.004	53.839	23.84	255	0	0	102.218	4.405
251	0.048	68.586	55.517	27.879	255	0	0	-31.023	2.829
252	0.042	91.825	47.86	45.741	255	0	0	-173.616	2.439
253	0.046	66.105	38.328	28.165	250	0	0	8.746	2.675
254	0.048	70.403	44.287	28.693	255	0	0	155.273	2.837
255	0.038	85.341	57.443	33.374	255	0	0	45.929	2.218
256	0.045	66.132	42.173	31.113	255	0	0	8.858	2.642
257	0.046	56.173	22.781	29	111.8	0	0	172.831	2.716
258	0.045	59.989	28.739	27.724	247.333	0	0	151.949	2.631
259	0.036	54.184	30.518	32.483	255	0	0	135.327	2.098
260	0.032	71.806	45.586	30.424	210.669	0	0	50.528	1.867
261	0.043	74.669	59.561	29.494	255	0	0	28.486	2.488
262	0.044	61.592	46.886	30.007	255	0	0	11.753	2.58
263	0.038	59.883	50.958	29.85	255	0	0	-20.505	2.226
264	0.038	60.87	60.809	28.641	255	0	0	-32.709	2.196
265	0.034	58.713	39.849	28.883	225.053	0	0	130.495	1.984
266	0.039	56.193	32.695	29.622	213	0	0	147.858	2.262
267	0.04	74.671	34.033	41.068	255	0	0	-172.461	2.325
268	0.041	65.317	44.635	27.528	255	0	0	117.663	2.373
269	0.036	63.711	52.505	29.912	255	0	0	16.39	2.103
270	0.034	48.778	30.144	29.168	255	0	0	6.882	1.981
271	0.041	48.392	22.699	29.524	123.934	0	0	-24.775	2.427
272	0.039	61.652	59.572	28.586	255	0	0	-35.44	2.309
273	0.043	73.68	40.981	35.478	255	0	0	174.174	2.505
274	0.048	69.84	46.537	28.792	255	0	0	5.847	2.829
275	0.034	52.66	40.067	28.384	255	0	0	-23.912	1.965
276	0.042	52.404	20.892	30.016	136.071	0	0	162.195	2.439
277	0.035	71.665	22.944	48.808	133.645	0	0	-167.574	2.048
278	0.048	73.288	46.327	34.733	255	0	0	179.314	2.831
279	0.041	67.872	46.002	28.452	255	0	0	149.859	2.431
280	0.036	68.353	50.6	26.698	255	0	0	112.479	2.128
281	0.042	66.816	58.149	26.412	255	0	0	-45.83	2.481
282	0.045	64.483	42.755	29.066	255	0	0	64.411	2.669
283	0.048	68.67	51.024	29.463	255	0	0	-21.801	2.83
284	0.033	56.309	24.733	28.488	126	0	0	106.361	1.926
285	0.045	59.303	43.353	31	255	0	0	132.098	2.604
286	0.04	63.742	50.778	26.497	255	0	0	-45.294	2.337
287	0.048	58.289	47.016	29.619	255	0	0	-19.864	2.794
288	0.038	98.444	35.152	64.91	255	0	0	-152.85	2.229
289	0.041	84.824	43.521	51.273	255	0	0	-157.011	2.431
290	0.043	55.397	25.437	30.076	136.009	0	0	170.727	2.525
291	0.041	65.794	46.608	30.281	255	0	0	29.644	2.399
292	0.044	61.683	36.794	30.442	255	0	0	146.31	2.567
293	0.035	62.256	47.072	27.972	255	0	0	9.54	2.045
294	0.039	58.511	34.224	27.755	131.989	0	0	-43.794	2.278
295	0.038	67.646	46.426	28.957	255	0	0	2.622	2.223
296	0.04	83.291	30.503	51.298	158	0	0	-163.261	2.354
297	0.041	59.217	38.426	30.375	255	0	0	50.768	2.385
298	0.039	53.087	39.969	29.02	255	0	0	-39.86	2.274
299	0.051	58.709	38.959	28.468	255	0	0	174.514	3.014
300	0.045	47.246	26.403	27.798	173.028	0	0	94.059	2.634
301	0.04	81.759	70.117	29.298	255	0	0	68.814	2.345
302	0.049	99.621	33.723	57.333	255	0	0	-150.422	2.885
303	0.05	68.217	54.149	21.103	255	0	0	-46.343	2.991
304	0.04	62.834	56.733	16.458	255	0	0	-26.39	2.424
305	0.038	84.587	69.392	16.563	255	0	0	-2.106	2.266
306	0.036	49.724	56.931	16.282	255	0	0	-87.797	2.156
307	0.043	78.549	59.143	16.189	255	0	0	64.759	2.571
308	0.042	49.235	37.362	14.208	255	0	0	145.896	2.54
309	0.046	79.19	67.157	17.59	255	0	0	25.791	2.744
310	0.037	88.903	70.528	21.081	255	0	0	2.99	2.237
311	0.043	86.751	74.928	14.013	255	0	0	53.647	2.569
312	0.038	94.523	64.151	41.524	255	0	0	-171.694	2.296
313	0.044	82.741	73.495	15.248	255	0	0	-25.278	2.642
314	0.037	83.206	71.906	14.464	255	0	0	-2.153	2.205
315	0.038	50.418	46.878	14.608	255	0	0	83.29	2.269
316	0.04	74.149	59.124	14.592	255	0	0	66.077	2.412
317	0.043	47.818	27.884	15.285	215.795	0	0	147.955	2.567
318	0.043	85.578	71.944	18.556	255	0	0	25.747	2.592
319	0.036	78.694	66.747	18.633	255	0	0	1.312	2.163
320	0.048	99.735	79.878	20.947	255	0	0	26.417	2.865
321	0.036	162.736	78.511	53.076	255	0	0	-122.84	2.178
322	0.04	73.937	60.953	17.094	255	0	0	52.407	2.364
323	0.044	76.768	55.186	21.667	255	0	0	77.164	2.672
324	0.04	100.998	75.648	24.658	255	0	0	33.358	2.385
325	0.046	99.333	82.536	15.463	255	0	0	-26.102	2.765
326	0.045	87.89	71.746	19.074	255	0	0	74.103	2.725
327	0.044	142.165	69.741	59.385	255	0	0	-158.398	2.658
328	0.038	68.726	52.152	22.292	255	0	0	169.846	2.268
329	0.036	68.904	55.227	18.931	255	0	0	150.642	2.131
330	0.035	58.798	46.513	18.162	255	0	0	139.79	2.098
331	0.039	62.294	45.286	19.537	255	0	0	21.801	2.329
332	0.041	138.192	69.163	57.383	255	0	0	-157.054	2.468
333	0.044	71.153	66.259	18.386	255	0	0	-20.045	2.615
334	0.037	75.562	65.409	13.438	255	0	0	-2.121	2.243
335	0.046	57.494	58.977	19.385	255	0	0	7.167	2.778
336	0.036	64.986	62.896	14.104	255	0	0	-35.281	2.148
337	0.041	81.39	74.855	18.33	254.747	0	0	-38.779	2.476
338	0.036	70.551	70.307	16.659	255	0	0	-24.775	2.141
339	0.044	94.85	75.505	19.969	255	0	0	82.786	2.636
340	0.043	83.32	68.168	17.519	255	0	0	34.509	2.566
341	0.065	85.066	74.204	17.633	255	0	0	20.844	3.872
342	0.036	63.374	38.229	20.235	210.64	0	0	169.735	2.139
343	0.043	127.42	70.752	51.856	255	0	0	-159.922	2.562
344	0.041	65.896	48.769	11.711	255	0	0	71.2	2.461
345	0.053	84.886	80.892	13.678	255	0	0	-33.939	3.185
346	0.043	143.322	75.478	53.613	255	0	0	-160.396	2.57
347	0.034	61.676	56.909	16.45	255	0	0	135	2.057
348	0.043	81.683	71.649	13.664	255	0	0	-34.603	2.606
349	0.046	86.041	64.654	17.752	255	0	0	67.941	2.742
350	0.033	52.973	55.405	11.48	255	0	0	-63.435	1.998
351	0.035	63.747	68.209	19.333	255	0	0	-1.364	2.099
352	0.05	62.198	63.628	9.333	255	0	0	-30.801	3.011
353	0.043	71.449	57.387	14.1	255	0	0	138.608	2.608
354	0.036	132.492	54.574	67.065	255	0	0	-155.41	2.148
355	0.041	64.218	68.621	16.777	255	0	0	-4.251	2.448
356	0.04	80.583	76.312	10.991	255	0	0	-42.166	2.374
357	0.047	103.621	66.745	21.66	255	0	0	47.347	2.858
358	0.039	114.662	71.619	51	255	0	0	-161.053	2.345
359	0.036	71.35	78.009	13.819	255	0	0	-39.007	2.136
360	0.033	66.236	62.581	21.404	255	0	0	143.616	1.962
361	0.036	56.341	63.734	17.777	255	0	0	-11.911	2.178
362	0.041	76.256	61.312	21.68	255	0	0	165.315	2.489
363	0.032	62.692	59.335	11.07	255	0	0	-35.48	1.91
364	0.046	64.621	59.179	10.662	255	0	0	138.879	2.777
365	0.035	80.499	62.432	18.208	255	0	0	13.266	2.101
366	0.036	66.507	54.376	24.019	255	0	0	165.012	2.161
367	0.032	57.696	48.845	15.333	255	0	0	-24.809	1.934
368	0.046	61.642	56.913	16.169	255	0	0	23.962	2.768
369	0.042	66.42	59.806	18.553	255	0	0	131.791	2.505
370	0.041	55.947	31.613	26.405	255	0	0	3.094	2.468
371	0.036	85.305	66.146	18.335	255	0	0	56.921	2.16
372	0.044	77.486	74.936	12.267	255	0	0	-40.717	2.655
373	0.034	62.397	47.24	23.795	255	0	0	18.583	2.038
374	0.037	87.624	57.5	38.658	255	0	0	-171.87	2.232
375	0.038	78.901	67.327	15.446	255	0	0	129.966	2.274
376	0.036	47.886	52.789	10.153	255	0	0	-37.136	2.132
377	0.039	98.654	69.978	15.619	255	0	0	38.915	2.316
378	0.032	64.138	59.254	20.303	255	0	0	-9.782	1.944
379	0.037	73.484	71.473	16.365	255	0	0	-35.933	2.23
380	0.064	52.997	51.365	12.667	255	0	0	79.365	3.857
381	0.038	71.535	63.08	18.492	255	0	0	-13.335	2.311
382	0.035	83.014	59.803	21.007	255	0	0	45	2.096
383	0.045	77.571	68.994	17.143	255	0	0	-37.999	2.695
384	0.049	73.353	72.688	15.002	255	0	0	-25.27	2.948
385	0.035	146.499	74.661	53.338	255	0	0	-121.814	2.098
386	0.039	81.765	71.431	19.347	255	0	0	-8.531	2.33
387	0.045	86.907	66.664	19.898	255	0	0	15.224	2.717
388	0.037	79.659	61.612	26.771	255	0	0	175.236	2.193
389	0.036	178.253	61.162	77.69	255	0	0	-153.831	2.133
390	0.04	78.313	60.475	20.868	255	0	0	-124.57	2.379
391	0.043	91.293	71.986	17.687	255	0	0	79.198	2.558
392	0.035	66.716	59.235	16.24	255	0	0	125.695	2.113
393	0.043	67.272	66.358	12.594	255	0	0	-45.785	2.569
394	0.039	101.55	68.002	38.694	255	0	0	-168.93	2.341
395	0.035	55.069	50.936	21.565	255	0	0	171.357	2.099
396	0.037	61.722	61.064	16.234	255	0	0	-1.71	2.218
397	0.036	74.535	66.068	17.316	255	0	0	17.328	2.172
398	0.056	114.995	79.046	22	255	0	0	39.588	3.353
399	0.041	79.561	66.178	22.858	255	0	0	132.016	2.476
400	0.046	63.132	61.797	16.107	255	0	0	15.945	2.785
401	0.038	198.157	68.723	63.26	255	0	0	-127.619	2.284
402	0.042	119.265	83.202	36.514	255	0	0	-175.079	2.512
403	0.036	61.067	64.044	13.771	255	0	0	-13.928	2.138
404	0.042	70.206	52.826	23.738	255	0	0	165.693	2.535
405	0.044	44.905	32.489	17.732	255	0	0	143.92	2.641
406	0.04	88.609	68.591	19.418	255	0	0	62.54	2.371
407	0.034	68.31	67.136	17.357	255	0	0	-31.517	2.049
408	0.04	69.097	59.034	24.316	255	0	0	11.543	2.399
409	0.037	159.439	75.229	55.404	255	0	0	-123.573	2.242
410	0.033	39.876	26.62	16.159	178.493	0	0	113.07	1.949
411	0.042	95.031	90.362	11.972	255	0	0	-46.882	2.497
412	0.034	65.391	60.098	19.727	255	0	0	-7.997	2.029
413	0.034	99.407	77.726	19.288	255	0	0	27.392	2.051
414	0.036	60.28	54.684	19.948	255	0	0	77.567	2.15
415	0.026	234.931	46.224	93.171	255	0	0	-129.333	1.548
416	0.045	76.533	62.496	20.821	255	0	0	64.537	2.702
417	0.036	69.825	66.802	19.131	255	0	0	24.59	2.166
418	0.037	86.548	51.38	42.572	255	0	0	-163.996	2.214
419	0.04	59.642	49.493	19.865	255	0	0	-9.265	2.374
420	0.04	73.741	69.217	16.874	255	0	0	-34.695	2.37
421	0.042	56.544	31.09	17.796	129.551	0	0	-17.241	2.516
422	0.032	50.706	44.873	22.96	255	0	0	16.887	1.939
423	0.036	71.82	66.767	17.731	255	0	0	55.697	2.134
424	0.036	62.583	50.983	21.922	255	0	0	20.505	2.176
425	0.039	101.882	54.385	51.061	255	0	0	-158.728	2.326
426	0.035	79.098	59.531	19.761	255	0	0	53.31	2.106
427	0.037	61.973	50.066	21.527	255	0	0	147.858	2.214
428	0.031	56.418	51.099	16.841	255	0	0	174.391	1.861
429	0.037	127.108	60.638	57.82	255	0	0	-159.944	2.227
430	0.032	69.962	64	20	255	0	0	-17.501	1.928
431	0.039	86.346	75.251	16.568	255	0	0	-65.056	2.358
432	0.04	82.654	66.299	17.849	255	0	0	72.81	2.411
433	0.037	81.849	58.145	26.128	255	0	0	179.569	2.21
434	0.035	109.189	71.453	30.213	255	0	0	33.944	2.079
435	0.036	66.112	59.719	12.076	255	0	0	-20.973	2.131
436	0.044	85.862	68.428	22.7	255	0	0	120.719	2.669
437	0.037	57.315	53.042	15.353	255	0	0	-53.303	2.192
438	0.035	77.511	72.271	14.881	255	0	0	113.499	2.086
439	0.039	93.355	65.262	18.379	255	0	0	40.117	2.33
440	0.042	68.567	49.466	19.733	255	0	0	61.091	2.533
441	0.038	70.216	61.784	18.533	255	0	0	-97.074	2.297
442	0.033	159.56	77.29	66.017	255	0	0	-154.954	1.948
443	0.034	62.362	66.178	18.404	255	0	0	-7.933	2.046
444	0.043	78.964	57.006	20.169	225.973	0	0	-119.236	2.554
445	0.04	62.007	59.186	18.728	255	0	0	-38.784	2.392
446	0.041	122.135	69.373	34.298	255	0	0	65.145	2.486
447	0.034	65.906	52.595	24.611	255	0	0	-6.953	2.05
448	0.035	60.342	54.433	19.009	255	0	0	-22.964	2.123
449	0.042	66.521	60.569	13.156	255	0	0	-37.247	2.529
450	0.037	71.395	60.656	22.389	255	0	0	156.125	2.227
451	0.032	58.47	52.394	25.333	255	0	0	129.118	1.943
452	0.035	71.828	63.373	16.975	255	0	0	-2.705	2.108
453	0.043	108.848	75.443	45.04	255	0	0	11.023	2.606
454	0.044	230.948	38.885	130.042	255	0	0	-148.299	2.656
455	0.042	79.269	58.969	19.634	255	0	0	71.684	2.534
456	0.042	97.103	91.961	14.113	255	0	0	-49.853	2.498
457	0.045	88.513	70.728	20.523	255	0	0	72.688	2.682
458	0.033	57.821	52.266	18.207	255	0	0	14.153	1.962
459	0.027	61.4	60.698	19.757	255	0	0	-1.736	1.646
460	0.044	85.955	59.047	31.69	255	0	0	3.933	2.668
461	0.036	71.079	60.532	17.41	255	0	0	112.452	2.174
462	0.04	79.517	71.957	14.93	255	0	0	-22.989	2.39
463	0.035	208.452	61.332	78.956	255	0	0	-127.513	2.07
464	0.042	95.271	71.6	22.609	255	0	0	32.758	2.54
465	0.045	66.099	48.242	21.228	255	0	0	132.51	2.694
466	0.033	67.278	61.372	17.078	255	0	0	-15.422	1.994
467	0.046	86.549	67.166	21.125	255	0	0	6.226	2.743
468	0.029	54.702	63.657	18.847	255	0	0	-14.574	1.716
469	0.037	94.342	71.136	24.64	255	0	0	39.531	2.212
470	0.038	57.371	50.368	23.324	255	0	0	144.462	2.285
471	0.045	82.044	70.305	13.863	255	0	0	-44.752	2.709
472	0.048	96.213	77.564	22.705	255	0	0	129.848	2.872
473	0.038	79.477	67.88	19.78	255	0	0	-2.946	2.252
474	0.039	54.374	53.255	19.005	255	0	0	143.616	2.353
475	0.035	58.93	60.942	14.663	255	0	0	-39.161	2.072
476	0.035	57.251	60.121	16.658	255	0	0	-4.054	2.112
477	0.035	67.224	56.735	21.333	255	0	0	19.16	2.079
478	0.033	82.971	62.384	22.259	255	0	0	36.486	1.976
479	0.042	85.652	69.907	20.121	255	0	0	-96.009	2.532
480	0.039	68.694	56.666	19.647	255	0	0	170.204	2.33
481	0.041	87.21	78.655	19.098	255	0	0	-32.208	2.49
482	0.044	79.696	70.549	15.601	255	0	0	139.594	2.634
483	0.038	88.781	76.785	22.778	255	0	0	31.47	2.248
484	0.045	80.513	61.127	22.763	255	0	0	9.174	2.705
485	0.044	108.282	73.273	43.558	255	0	0	13.69	2.676
486	0.035	61.31	52.23	13.598	255	0	0	117.364	2.126
487	0.04	69.18	63.118	18.733	255	0	0	-9.985	2.389
488	0.043	88.322	73.152	10.216	255	0	0	-41.117	2.597
489	0.037	55.864	54.545	15.946	255	0	0	160.875	2.184
490	0.045	55.428	48.619	16.884	255	0	0	-28.78	2.69
491	0.037	170.203	60.451	82.989	255	0	0	-151.728	2.244
492	0.033	82.301	68.992	22.386	255	0	0	33.959	1.955
493	0.031	68.403	60.404	17.048	255	0	0	57.295	1.872
494	0.038	71.052	57.283	19.397	255	0	0	0.418	2.273
495	0.041	64.31	53.285	17.504	255	0	0	137.726	2.464
496	0.046	94.172	66.102	19.785	255	0	0	-6.953	2.73
497	0.037	57.645	52.97	19.113	255	0	0	20.163	2.24
498	0.037	97.121	71.416	26.844	255	0	0	33.69	2.202
499	0.044	61.612	56.634	17.328	255	0	0	9.819	2.638
500	0.047	91.587	74.361	20	255	0	0	126.127	2.809
501	0.038	77.287	60.791	17.775	255	0	0	67.891	2.282
502	0.037	94.756	74.048	26.275	255	0	0	39.136	2.181
503	0.032	50.444	39.937	23.359	255	0	0	19.855	1.901
504	0.045	92.093	72.487	16.788	255	0	0	-70.463	2.718
505	0.037	76.312	58.034	22.275	255	0	0	171.448	2.235
506	0.038	116.288	55.958	51.69	255	0	0	-160.374	2.267
507	0.03	185.707	46.529	94.441	255	0	0	-148.768	1.822
508	0.041	75.103	64.952	14.333	255	0	0	147.792	2.492
509	0.043	97.333	70.557	19.85	255	0	0	58.588	2.544
510	0.042	66.974	61.962	14.902	255	0	0	105.222	2.52
511	0.045	102.472	73.122	17.929	255	0	0	28.78	2.679
512	0.04	63.074	46.047	17.615	255	0	0	141.953	2.422
513	0.04	160.69	58.964	79.704	255	0	0	-151.137	2.398
514	0.037	79.718	61.78	23.725	205.933	0	0	136.809	2.232
515	0.048	92.833	60.995	21.907	255	0	0	46.878	2.868
516	0.034	44.611	49.74	14.06	255	0	0	107.103	2.027
517	0.039	86.442	58.94	36.191	255	0	0	-169.33	2.33
518	0.041	68.969	55.816	22.904	255	0	0	166.715	2.456
519	0.035	67.379	46.046	17.011	254.766	0	0	5.029	2.09
520	0.035	61.1	59.497	17.737	255	0	0	85.533	2.128
521	0.048	57.946	54.661	17.547	255	0	0	-3.991	2.868
522	0.044	182.289	55.501	92.618	255	0	0	-149.899	2.646
523	0.038	73.722	58.958	18.333	255	0	0	71.565	2.295
524	0.042	87.846	67.847	26.247	255	0	0	179.246	2.512
525	0.035	57.112	60.05	20.741	255	0	0	20.292	2.113
526	0.043	99.067	86.172	18.208	255	0	0	-35.41	2.606
527	0.037	72.322	54.941	18.427	255	0	0	149.036	2.218
528	0.041	85.135	67.363	15.631	255	0	0	-136.652	2.434
529	0.039	69.031	60.613	17.672	255	0	0	-15.219	2.351
530	0.037	53.058	49.151	18.734	255	0	0	92.137	2.227
531	0.041	66.394	59.252	24.051	255	0	0	180	2.48
532	0.042	74.654	66.22	20	255	0	0	131.009	2.523
533	0.045	75.437	72.465	13.556	255	0	0	100.211	2.714
534	0.046	80.417	76.83	10.534	255	0	0	-36.663	2.75
535	0.042	116.987	77.142	35.248	255	0	0	-171.339	2.533
536	0.035	117.801	69.493	33.821	255	0	0	-113.499	2.078
537	0.048	80.801	77.302	17.023	255	0	0	-34.15	2.859
538	0.044	68.113	57.937	20.115	255	0	0	6.141	2.63
539	0.036	76.253	63.276	21.667	255	0	0	45.31	2.169
540	0.036	69.833	59.99	18.617	255	0	0	68.118	2.174
541	0.034	75.061	70.576	16.81	255	0	0	24.482	2.048
542	0.036	62.204	63.105	17.066	255	0	0	5.234	2.179
543	0.041	197.954	72.085	64.463	255	0	0	-127.807	2.432
544	0.036	92.561	64.733	18.967	255	0	0	45.31	2.164
545	0.036	91.896	82.095	17.465	255	0	0	23.025	2.158
546	0.037	78.954	60.852	17.542	255	0	0	67.413	2.238
547	0.04	69.769	58.88	22.517	255	0	0	164.917	2.427
548	0.038	55.194	39.426	23.072	255	0	0	143.046	2.254
549	0.042	62.997	47.244	24.089	255	0	0	-179.623	2.52
550	0.036	84.765	65.706	27.265	255	0	0	156.626	2.132
551	0.042	66.294	65.156	14.887	255	0	0	-37.476	2.512
552	0.035	61.679	59.93	19.394	255	0	0	-5.845	2.117
553	0.037	83.297	71.536	19.713	255	0	0	14.243	2.225
554	0.045	101.27	80.262	18.112	255	0	0	65.966	2.686
555	0.038	76.399	60.448	21.891	255	0	0	158.663	2.28
556	0.035	123.042	66.479	54.557	255	0	0	-135.324	2.079
557	0.037	70.254	58.616	19.289	255	0	0	127.208	2.24
558	0.041	95.268	85.353	16.401	255	0	0	-24.316	2.465
559	0.037	102.925	73.077	21.116	255	0	0	45.306	2.192
560	0.044	73.546	59.501	20.996	255	0	0	165.7	2.618
561	0.041	58.111	43.648	18.733	255	0	0	174.56	2.442
562	0.046	75.947	68.069	15.079	255	0	0	-41.088	2.754
563	0.035	52.095	51.971	18.333	255	0	0	93.633	2.092
564	0.04	62.899	56.764	16.36	255	0	0	8.746	2.404
565	0.037	65.955	65.716	18.379	255	0	0	-23.875	2.21
566	0.038	68.104	55.902	26.495	255	0	0	168.524	2.254
567	0.032	48.085	40.308	16.289	255	0	0	149.708	1.934
568	0.047	93.81	79.528	15.309	255	0	0	-13.548	2.836
569	0.034	62.166	61.449	17.366	255	0	0	5.572	2.044
570	0.04	81.479	59.574	24.839	251.709	0	0	-147.619	2.404
571	0.041	49.346	38.205	16.952	255	0	0	139.066	2.473
572	0.039	55.244	47.408	15.118	255	0	0	150.356	2.349
573	0.04	150.88	66.035	61.398	255	0	0	-154.486	2.421
574	0.041	82.871	62.908	30.193	255	0	0	179.618	2.488
575	0.046	78.849	56.517	16.405	255	0	0	156.847	2.742
576	0.038	91.725	68.751	32.62	255	0	0	178.736	2.258
577	0.049	101.934	80.578	17.703	255	0	0	-21.62	2.918
578	0.038	69.421	57.975	15.552	255	0	0	4.624	2.257
579	0.043	90.933	70.54	25.905	255	0	0	35.754	2.545
580	0.033	54.238	49.114	17.412	255	0	0	127.451	1.957
581	0.047	70.191	60.379	14.02	255	0	0	141.862	2.844
582	0.04	63.535	56.448	16.506	255	0	0	2.745	2.411
583	0.043	181.363	63.704	73.381	255	0	0	-153.27	2.581
584	0.041	70.49	60.142	17.465	255	0	0	-37.708	2.483
585	0.039	94.024	79.016	19.666	255	0	0	26.748	2.328
586	0.032	64.56	57.404	17.586	255	0	0	79.651	1.921
587	0.037	68.679	55.247	31.12	255	0	0	-171.448	2.241
588	0.039	61.215	60.29	16.518	255	0	0	0	2.345
589	0.034	71.93	69.223	17.335	255	0	0	-36.129	2.041
590	0.038	218.491	47.212	103.456	255	0	0	-149.893	2.286
591	0.041	66.057	61.741	9.589	255	0	0	115.697	2.449
592	0.035	69.959	54.074	32.102	255	0	0	-175.462	2.096
593	0.043	84.518	66.649	17.667	255	0	0	63.6	2.573
594	0.033	72.201	73.622	17.131	255	0	0	-12.061	1.991
595	0.034	57.098	67.112	16.029	255	0	0	-39.452	2.056
596	0.049	100.494	80.531	16.72	255	0	0	151.104	2.913
597	0.041	63.038	57.222	17.54	255	0	0	-1.909	2.481
598	0.036	175.549	71.801	62.469	255	0	0	-122.84	2.165
599	0.042	236.512	38.081	122.915	255	0	0	-133.118	2.497
600	0.049	70.59	54.331	14.848	255	0	0	123.69	2.927
601	0.038	70.006	64.59	15.355	255	0	0	44.403	2.248
602	0.033	81.599	59.685	31.507	255	0	0	-177.614	2.004
603	0.042	60.572	48.594	23.752	255	0	0	161.565	2.511
604	0.046	71.833	63.248	17.667	255	0	0	-7.842	2.784
605	0.043	69.205	52.659	15.023	255	0	0	46.032	2.608
606	0.042	95.74	77.777	27.749	255	0	0	179.241	2.496
607	0.034	57.769	58.467	16.887	255	0	0	-13.241	2.018
608	0.036	59.698	60.96	16.093	255	0	0	1.322	2.147
609	0.036	91.089	78.34	23.721	255	0	0	32.84	2.163
610	0.041	61.009	61.445	12.889	255	0	0	0.764	2.48
611	0.043	64.063	40.019	18.068	175.196	0	0	46.051	2.569
612	0.038	68.93	70.215	16.745	255	0	0	-53.046	2.26
613	0.052	89.383	70.381	18.413	255	0	0	26.565	3.114
614	0.046	169.381	74.135	58.187	255	0	0	-156.213	2.754
615	0.045	95.878	81.537	20.019	255	0	0	132.274	2.695
616	0.036	78.686	71.873	16.456	255	0	0	114.007	2.167
617	0.038	64.813	56.435	19.182	255	0	0	6.71	2.265
618	0.041	77.56	68.835	18.253	255	0	0	-26.046	2.446
619	0.051	76.818	69.382	13.611	255	0	0	143.746	3.078
620	0.037	78.475	58.993	17.767	255	0	0	56.427	2.242
621	0.043	84.101	59.952	24.899	255	0	0	14.837	2.583
622	0.033	92.99	73.274	25.708	255	0	0	33.425	1.975
623	0.039	59.595	46.617	16.325	255	0	0	145.637	2.35
624	0.038	75.557	51.641	17.409	255	0	0	52.712	2.27
625	0.043	87.915	57.755	42.751	255	0	0	-164.157	2.563
626	0.039	57.227	43.039	17.286	255	0	0	124.256	2.326
627	0.043	81.703	74.387	18.995	255	0	0	-10.008	2.565
628	0.043	81.302	71.486	17.188	255	0	0	-10.008	2.565
629	0.038	84.568	58.035	24.57	255	0	0	47.67	2.251
630	0.041	95.758	72.182	15.361	255	0	0	63.608	2.46
631	0.037	72.336	61.149	23.505	255	0	0	176.964	2.189
632	0.039	109.961	75.118	43.462	255	0	0	-166.853	2.327
633	0.036	200.868	65.169	68.123	255	0	0	-129.136	2.176
634	0.036	68.074	78.465	14.641	255	0	0	-49.108	2.136
635	0.033	45.478	49.121	17.667	255	0	0	-15.213	1.949
636	0.034	98.28	72.31	24.171	255	0	0	-101.768	2.023
637	0.034	43.871	28.561	15.518	244.061	0	0	143.871	2.054
638	0.042	68.258	46.729	17.006	209.67	0	0	6.843	2.506
639	0.036	51.053	36.64	17.156	255	0	0	-21.477	2.177
640	0.037	61.119	59.899	20.345	255	0	0	20.758	2.195
641	0.04	81.523	75.128	18	255	0	0	31.792	2.362
642	0.039	61.174	70.109	12.432	255	0	0	-37.519	2.335
643	0.039	75.725	70.859	16.126	255	0	0	55.305	2.361
644	0.04	86.089	70.191	23.903	255	0	0	179.204	2.393
645	0.04	173.751	79.198	50.836	255	0	0	-125.352	2.373
646	0.042	64.234	49.866	20.622	255	0	0	14.589	2.496
647	0.044	97.24	67.528	21.508	255	0	0	45	2.658
648	0.039	73.228	69.186	15.559	255	0	0	-16.504	2.326
649	0.04	69.309	72.525	11.117	255	0	0	-56.976	2.368
650	0.033	46.759	46.11	17.218	255	0	0	152.354	1.973
651	0.039	53.961	47.13	20.623	255	0	0	72.474	2.312
652	0.037	72.787	55.302	19.517	255	0	0	-133.781	2.203
653	0.041	63.85	48.242	19.663	255	0	0	159.215	2.43
654	0.038	62.322	64.566	18.857	255	0	0	-6.613	2.305
655	0.036	57.537	57.627	23.106	255	0	0	19.269	2.157
656	0.036	67.037	61.656	19.178	255	0	0	77.471	2.139
657	0.036	62.533	69.264	18.75	255	0	0	-8.949	2.133
658	0.033	58.209	69.971	17.023	255	0	0	-24.874	2.002
659	0.038	72.498	64.496	12.465	255	0	0	114.687	2.255
660	0.041	65.179	55.176	18.333	255	0	0	158.99	2.45
661	0.036	58.912	60.967	14.872	255	0	0	3.991	2.135
662	0.04	54.816	58.92	13.642	255	0	0	-44.718	2.377
663	0.035	56.676	48.413	19.805	255	0	0	5.398	2.107
664	0.036	70.182	67.444	18.427	255	0	0	-11.482	2.148
665	0.037	76.737	68.568	24.763	255	0	0	36.784	2.205
666	0.036	82.217	68.787	17.546	255	0	0	-114.187	2.142
667	0.038	62.569	62.914	17.823	255	0	0	128.853	2.305
668	0.043	73.582	71.797	17.807	255	0	0	36.353	2.564
669	0.04	77.006	71.132	14.83	255	0	0	-36.317	2.404
670	0.04	55.853	49.73	14.041	255	0	0	-18.687	2.388
671	0.038	104.289	69.033	40.77	255	0	0	-165.556	2.267
672	0.045	245.429	25.489	138.447	255	0	0	41.751	2.679
673	0.038	60.764	53.759	14.113	255	0	0	-2.09	2.267
674	0.038	64.727	43.136	18.255	255	0	0	-124.38	2.282
675	0.046	57.108	49.709	16.471	255	0	0	152.354	2.759
676	0.046	77.264	61.608	15.16	255	0	0	75.379	2.751
677	0.04	58.169	61.836	19.363	255	0	0	23.562	2.42
678	0.048	67.87	55.827	16.279	255	0	0	-26.565	2.886
679	0.042	73.577	59.954	17.335	255	0	0	126.946	2.502
680	0.044	76.697	61.193	16.215	255	0	0	74.554	2.62
681	0.037	60.881	54.673	16.983	255	0	0	163.586	2.234
682	0.042	90.862	77.119	16.517	255	0	0	-18.792	2.518
683	0.046	68.678	55.004	19.564	255	0	0	15.524	2.784
684	0.038	63.044	57.06	18.775	255	0	0	54.56	2.256
685	0.034	57.632	47.943	18.052	255	0	0	116.154	2.055
686	0.04	60.657	56.82	16.991	255	0	0	145.864	2.365
687	0.045	52.675	44.338	14.805	255	0	0	123.787	2.705
688	0.043	72.085	65.361	14.677	255	0	0	161.095	2.554
689	0.041	77.793	70.025	15.437	255	0	0	49.316	2.486
690	0.035	83.536	78.506	18.546	255	0	0	32.437	2.086
691	0.04	61.637	61.315	14.203	255	0	0	-37.807	2.424
692	0.032	144.308	71.713	62.979	255	0	0	27.229	1.923
693	0.035	71.999	59.771	13.929	255	0	0	-21.134	2.117
694	0.035	80.083	61.307	16.797	255	0	0	38.382	2.126
695	0.048	89.953	63.877	21.353	255	0	0	35.955	2.903
696	0.041	57.417	49.919	13.7	255	0	0	-3.504	2.444
697	0.036	54.731	51.262	16.867	255	0	0	68.772	2.149
698	0.037	74.723	51.383	23.944	255	0	0	-175.668	2.191
699	0.044	64.898	59.666	11.214	255	0	0	-4.289	2.654
700	0.038	84.677	78.832	12.964	255	0	0	41.46	2.286
701	0.031	65.686	67.28	14.489	255	0	0	-36.363	1.871
702	0.033	60.942	49.694	16.986	255	0	0	128.047	1.948
703	0.038	65.251	53.494	14.667	255	0	0	174.123	2.265
704	0.048	95.743	76.692	16.346	255	0	0	111.862	2.899
705	0.037	94.893	51.3	46.916	255	0	0	-160.489	2.23
706	0.047	85.526	69.836	17.023	255	0	0	76.293	2.797
707	0.039	56.66	50.601	19.754	255	0	0	131.868	2.358
708	0.039	73.054	67.15	16.526	255	0	0	147.095	2.35
709	0.043	100.253	72.816	17.6	255	0	0	22.28	2.584
710	0.043	63.143	64.456	18.381	255	0	0	11.094	2.583
711	0.047	107.981	89.488	17.81	255	0	0	-35.266	2.84
712	0.037	90.936	64.856	35.117	255	0	0	-174.726	2.18
713	0.044	65.944	52.311	12.515	255	0	0	-10.597	2.611
714	0.05	72.318	67.659	14.832	255	0	0	-6.93	3.018
715	0.039	65.279	61.938	16.445	255	0	0	135	2.315
716	0.044	76.394	60.808	16.483	255	0	0	54.92	2.642
717	0.043	101.094	69.269	37.898	255	0	0	-168.473	2.58
718	0.04	81.945	79.453	12.104	255	0	0	-44.162	2.4
719	0.037	160.548	70.22	46.851	255	0	0	-122.634	2.243
720	0.049	68.791	55.476	18.683	255	0	0	75.027	2.95
721	0.041	78.792	63.746	16.474	255	0	0	129.756	2.437
722	0.042	81.963	64.318	22.172	255	0	0	10.574	2.532
723	0.043	60.892	48.745	11.792	255	0	0	153.27	2.573
724	0.037	62.686	59.2	16.356	255	0	0	-26.946	2.236
725	0.039	70.95	73.383	8.035	255	0	0	-40.426	2.357
726	0.048	98.987	65.824	39.36	255	0	0	17.608	2.906
727	0.08	75.138	56.947	18.269	255	0	0	64.757	4.814
728	0.037	46.541	25.762	13.112	134.724	0	0	131.309	2.18
729	0.041	126.323	76.075	46.203	255	0	0	-163.413	2.447
730	0.033	39.54	29.225	16.092	255	0	0	159.894	1.979
731	0.041	59.741	69.326	9.792	255	0	0	-42.016	2.477
732	0.037	54.344	53.604	10.507	255	0	0	-54.762	2.217
733	0.044	85.528	77.903	15.744	255	0	0	-28.179	2.635
734	0.033	51.481	52.756	18.054	255	0	0	128.956	2.011
735	0.043	72.906	56.543	16.466	255	0	0	56.929	2.551
736	0.041	81.14	67.748	18.543	255	0	0	16.847	2.467
737	0.036	62.501	56.509	14.956	255	0	0	118.124	2.176
738	0.043	94.35	36.758	59.691	240.579	0	0	-151.775	2.549
739	0.042	191.053	68.817	74.145	255	0	0	48.24	2.5
740	0.04	67.688	63.021	13.007	255	0	0	120.626	2.391
741	0.041	71.808	63.302	19.69	255	0	0	174.174	2.46
742	0.041	108.664	51.77	53.278	255	0	0	-153.26	2.438
743	0.045	70.548	63.592	15.355	255	0	0	82.523	2.678
744	0.032	52.26	49.164	17.623	255	0	0	15.811	1.935
745	0.039	61.486	50.676	13.993	255	0	0	127.519	2.329
746	0.043	74.122	53.265	36.487	255	0	0	-164.456	2.59
747	0.035	46.873	50.216	14.911	255	0	0	4.912	2.122
748	0.039	53.798	67.799	9.855	255	0	0	-49.268	2.35
749	0.046	76.241	71.5	15.366	255	0	0	-18.869	2.765
750	0.051	109.47	46.189	57.982	255	0	0	30.054	3.037
751	0.044	72.503	67.163	15.671	255	0	0	35.287	2.644
752	0.044	62.536	56.434	12.331	255	0	0	153.275	2.662
753	0.035	54.395	34.682	15.425	129.364	0	0	-111.631	2.065
754	0.04	55.586	53.475	13.665	255	0	0	-37.185	2.416
755	0.038	143.311	82.101	42.573	255	0	0	18.834	2.267
756	0.04	67.497	59.761	10.175	255	0	0	69.95	2.401
757	0.033	63.029	57.837	14.005	255	0	0	44.326	2.001
758	0.038	70.086	59.857	11.823	255	0	0	71.175	2.31
759	0.057	70.947	54.557	15.267	255	0	0	-26.814	3.416
760	0.039	52.175	42.058	10.598	214.325	0	0	143.943	2.332
761	0.043	54.66	48.403	11.389	236.382	0	0	-48.122	2.583
762	0.036	45.246	32.285	16.667	255	0	0	-7.883	2.166
763	0.05	94.23	76.795	17.474	255	0	0	35.202	2.977
764	0.039	72.44	67.092	18.109	255	0	0	19.599	2.32
765	0.042	71.015	62.171	17.091	255	0	0	131.257	2.523
766	0.053	79.12	43.301	47.437	255	0	0	22.805	3.166
767	0.04	66.827	63.687	17.279	255	0	0	-19.195	2.365
768	0.035	59.119	67.027	10.193	255	0	0	-32.296	2.086
769	0.044	50.621	39.374	16.145	248.052	0	0	150.388	2.648
770	0.043	51.687	37.163	15.122	223.003	0	0	79.335	2.597
771	0.032	52.624	53.773	13.125	255	0	0	63.435	1.927
772	0.044	59.543	61.019	9.928	255	0	0	42.689	2.616
773	0.043	71.207	71.343	17	255	0	0	19.952	2.577
774	0.054	66.714	57.012	15.377	212.528	0	0	-29.709	3.239
775	0.038	90.529	72.8	29.454	255	0	0	-175.825	2.263
776	0.043	58.172	52.824	16.349	255	0	0	170.293	2.557
777	0.046	72.862	62.762	13.333	255	0	0	145.456	2.778
778	0.04	76.428	74.527	8.281	255	0	0	-41.336	2.377
779	0.044	51.812	52.875	16.443	255	0	0	153.108	2.613
780	0.045	102.177	78.598	33.326	255	0	0	-167.661	2.711
781	0.061	34.024	44.987	10.162	255	0	0	88.452	3.681
782	0.039	74.134	64.115	16.232	255	0	0	13.543	2.321
783	0.037	64.916	67.425	15.363	255	0	0	88.29	2.221
784	0.04	71.025	55.388	12.895	255	0	0	45.282	2.366
785	0.048	58.632	55.857	13.245	255	0	0	153.287	2.879
786	0.04	57.001	53.045	15.717	255	0	0	45.838	2.4
787	0.035	49.451	59.459	13.546	255	0	0	76.629	2.074
788	0.039	210.049	65.071	72.672	255	0	0	-129.857	2.354
789	0.041	42.588	40.624	15.561	255	0	0	126.401	2.431
790	0.04	76.162	63.614	18.368	255	0	0	-176.82	2.396
791	0.036	58.622	69.586	11.006	255	0	0	-36.254	2.154
792	0.041	83.316	78.021	13.756	255	0	0	42.248	2.437
793	0.042	89.012	66.854	36.2	255	0	0	-176.566	2.5
794	0.042	69.347	59.745	17.707	255	0	0	-29.745	2.532
795	0.035	73.238	59.319	19.307	255	0	0	-1.343	2.115
796	0.05	89.714	77.617	18.38	255	0	0	133.877	2.985
