 	Area	Mean	StdDev	Min	Max	XM	YM	Angle	Length
1	0.047	68.169	35.27	26.419	168.333	0	0	-58.736	2.758
2	0.062	56.067	21.474	26.827	95.333	0	0	-87.349	3.641
3	0.052	72.075	51.748	23.203	179.004	0	0	150.795	3.106
4	0.06	68.478	37.075	25.353	140.577	0	0	156.01	3.52
5	0.058	97.179	60.215	28.882	255	0	0	-3.926	3.443
6	0.054	60.481	34.247	21.333	234.667	0	0	-177.563	3.168
7	0.052	48.822	25.598	18.884	98.775	0	0	-161.665	3.051
8	0.051	51.105	33.114	19.445	138.179	0	0	-149.859	3.018
9	0.048	70.66	37.271	26.245	255	0	0	66.623	2.843
10	0.06	49.114	37.791	20.333	255	0	0	-6.31	3.524
11	0.057	46.731	24.855	27.02	155.507	0	0	59.184	3.352
12	0.054	64.528	35.159	22.962	140.483	0	0	-40.272	3.178
13	0.056	68.421	26.988	32.051	168.515	0	0	-121.512	3.318
14	0.057	61.112	28.082	24.877	117.567	0	0	-72.918	3.382
15	0.063	64.682	41.154	19.078	255	0	0	-2.064	3.74
16	0.064	50.519	28.226	27.38	255	0	0	94.848	3.785
17	0.056	40.226	22.637	24.344	173.764	0	0	161.748	3.333
18	0.053	77.933	47.41	20.828	255	0	0	-141.774	3.129
19	0.058	87.112	54.525	26.455	247	0	0	158.356	3.424
20	0.056	123.015	83.481	34.965	255	0	0	-163.856	3.33
21	0.056	81.285	53.684	27.407	255	0	0	174.463	3.316
22	0.057	76.543	38.578	27.729	242.878	0	0	-121.701	3.364
23	0.045	51.974	22.569	26.084	116.043	0	0	-70.079	2.668
24	0.051	59.387	36.778	24.301	202.697	0	0	146.399	3.012
25	0.064	54.994	30.231	21.912	163.667	0	0	1.521	3.807
26	0.053	72.722	44.509	23.779	253	0	0	-41.07	3.127
27	0.071	60.964	36.282	26.733	255	0	0	110.395	4.203
28	0.052	113.54	76.914	32.347	255	0	0	-165.432	3.079
29	0.062	70.742	56.067	21.4	255	0	0	10.797	3.685
30	0.064	64.182	44.44	21.742	255	0	0	-12.113	3.771
31	0.053	59.383	20.951	28.881	98.808	0	0	-107.464	3.142
32	0.051	51.42	28.688	26.064	161	0	0	-58.097	2.995
33	0.069	71.998	49.616	22.208	255	0	0	143.318	4.115
34	0.05	74.219	35.962	29.949	131.878	0	0	49.899	2.928
35	0.052	43.893	28.044	26.667	255	0	0	86.269	3.105
36	0.05	54.154	35.418	25.973	255	0	0	101.182	2.952
37	0.053	48.588	29.831	26.512	253	0	0	124.461	3.124
38	0.065	69.974	45.301	23.609	200.667	0	0	142.125	3.84
39	0.059	70.228	43.774	22.792	233.452	0	0	20.007	3.494
40	0.06	50.781	17.003	26.585	105.638	0	0	80.899	3.513
41	0.05	57.069	31.512	24.92	141.857	0	0	-58.756	2.954
42	0.047	57.099	44.708	19.264	255	0	0	-10.899	2.761
43	0.064	49.759	28.113	20.533	126.329	0	0	13.167	3.77
44	0.043	55.259	22.33	28.453	94.848	0	0	-81.167	2.522
45	0.055	62.221	36.966	28.278	255	0	0	51.294	3.258
46	0.062	68.166	46.847	25.616	255	0	0	110.587	3.687
47	0.071	60.072	34.689	24.971	230.667	0	0	124.52	4.189
48	0.049	68.796	48.464	24.14	255	0	0	141.862	2.89
49	0.056	67.598	52.043	25	255	0	0	62.911	3.291
50	0.066	87.565	51.828	25.685	255	0	0	141.456	3.918
51	0.067	50.438	30.033	27.333	255	0	0	91.958	3.942
52	0.063	69.789	50.16	27.203	255	0	0	63.435	3.727
53	0.044	50.987	36.342	20.486	255	0	0	1.498	2.577
54	0.046	57.407	44.523	18.803	255	0	0	-16.972	2.711
55	0.054	76.631	55.651	24.184	246	0	0	37.77	3.216
56	0.069	66.949	35.146	26.828	220.497	0	0	61.333	4.107
57	0.054	70.724	53.751	24.007	255	0	0	161.092	3.221
58	0.059	57.894	34.824	27.141	255	0	0	99.96	3.504
59	0.059	43.732	32.916	26.918	255	0	0	78.636	3.504
60	0.041	56.266	34.523	24.915	255	0	0	124.695	2.396
61	0.071	56.036	35.939	19.754	253.667	0	0	8.973	4.21
62	0.051	55.277	50.772	19.774	255	0	0	32.984	3.031
63	0.069	81.578	62.85	24.44	244.667	0	0	131.673	4.103
64	0.041	61.613	30.561	27	213.667	0	0	63.258	2.432
65	0.07	65.908	33.709	25.961	254.667	0	0	102.856	4.162
66	0.061	49.809	50.441	21.259	255	0	0	23.093	3.606
67	0.075	99.584	78.04	25.552	255	0	0	-137.303	4.444
68	0.062	56.165	31.843	28.015	255	0	0	99.462	3.687
69	0.063	54.522	43.509	22	255	0	0	1.548	3.739
70	0.057	60.768	52.382	28.509	255	0	0	55.032	3.349
71	0.058	72.337	40.143	26.023	137.467	0	0	133.603	3.418
72	0.072	81.445	55.451	25.97	254.54	0	0	117.176	4.24
73	0.064	91.683	69.615	21.686	255	0	0	147.082	3.811
74	0.054	51.526	19.485	28.778	224.333	0	0	87.274	3.186
75	0.061	62.439	44.723	24.221	255	0	0	119.081	3.603
76	0.043	80.447	54.308	24.266	255	0	0	49.808	2.557
77	0.064	63.149	51.311	28.765	255	0	0	61.369	3.76
78	0.057	52.645	36.614	25.41	255	0	0	162.288	3.376
79	0.045	49.819	44.529	25.324	255	0	0	77.033	2.626
80	0.062	63.745	40.374	25.33	255	0	0	-61.771	3.631
81	0.072	73.317	47.444	24.338	255	0	0	140.774	4.26
82	0.056	77.713	48.677	27.022	255	0	0	52.839	3.317
83	0.06	62.737	43.848	22.044	255	0	0	139.044	3.545
84	0.042	54.665	22.858	29.053	100.572	0	0	95.515	2.453
85	0.046	61.203	30.569	24.579	152	0	0	146.799	2.737
86	0.053	43.233	32.645	26.767	255	0	0	71.369	3.109
87	0.056	84.661	46.714	26.371	247.333	0	0	178.247	3.302
88	0.063	60.681	43.548	24.129	255	0	0	114.251	3.73
89	0.06	85.184	50.991	24.134	255	0	0	162.777	3.526
90	0.058	103.378	60.377	32.838	255	0	0	-3.965	3.409
91	0.05	47.613	15.522	27.91	163.667	0	0	86.121	2.987
92	0.051	58.033	30.297	28.088	167.01	0	0	-110.669	3.005
93	0.064	64.469	33.173	25.676	215.333	0	0	104.098	3.802
94	0.046	63.808	46.55	20.466	251.917	0	0	-10.965	2.744
95	0.065	68.104	42.2	23.263	229.333	0	0	-36.67	3.863
96	0.062	49.779	33.13	26	246.667	0	0	158.791	3.63
97	0.056	84.317	57.689	23.091	255	0	0	37.569	3.314
98	0.048	51.499	19.083	27.667	111.667	0	0	103.627	2.859
99	0.038	58.384	43.665	28.333	255	0	0	159.944	2.258
100	0.049	42.704	14.327	26.439	93.664	0	0	137.592	2.896
101	0.055	53.98	27.097	26.313	180	0	0	118.94	3.271
102	0.053	40.141	16.241	27.465	162	0	0	80.789	3.156
103	0.051	51.023	37.412	20.816	196.923	0	0	31.566	3.023
104	0.058	45.527	34.954	19.003	243.364	0	0	-16.645	3.409
105	0.063	59.884	30.594	27.645	245.333	0	0	101.821	3.698
106	0.062	44.884	25.529	28.841	255	0	0	95.05	3.634
107	0.058	68.309	38.666	26.909	175.262	0	0	139.83	3.393
108	0.048	56.258	45.752	28.283	255	0	0	77.211	2.814
109	0.05	67.165	45.353	26	255	0	0	48.205	2.981
110	0.063	54.145	43.916	19.686	255	0	0	-0.518	3.721
111	0.052	57.424	36.679	29.346	255	0	0	93.793	3.054
112	0.046	53.238	38.475	25.371	236	0	0	115.463	2.741
113	0.059	54.573	47.578	26.275	255	0	0	65.898	3.505
114	0.071	66.965	50.582	20.074	255	0	0	5.711	4.23
115	0.048	58.594	40.057	22.594	255	0	0	11.976	2.84
116	0.048	47.662	44.214	22.927	255	0	0	28.826	2.864
117	0.055	49.815	24.799	27.055	239.667	0	0	124.676	3.255
118	0.05	48.357	20.181	26.804	167.333	0	0	103.408	2.977
119	0.07	59.476	40.02	20.853	238.236	0	0	8.623	4.155
120	0.042	64.619	46.373	29.192	254.16	0	0	178.823	2.459
121	0.066	64.523	42.488	26.309	254.667	0	0	136.048	3.906
122	0.046	86.519	49.49	33.936	255	0	0	55.125	2.709
123	0.047	59.11	38.537	27.796	255	0	0	102.865	2.798
124	0.064	47.814	34.446	27.667	255	0	0	90	3.788
125	0.06	58.311	36.87	24.662	218.667	0	0	113.66	3.566
126	0.05	52.433	33.526	26.7	255	0	0	121.522	2.963
127	0.044	58.142	32.026	28.966	251.333	0	0	63.768	2.59
128	0.05	38.959	27.866	22.052	255	0	0	-15.767	2.974
129	0.065	65.234	35.725	26.642	255	0	0	107.25	3.861
130	0.056	51.741	19.758	28.006	168	0	0	83.341	3.339
131	0.042	72.938	52.681	26.536	255	0	0	158.99	2.489
132	0.059	69.456	51.78	27.598	255	0	0	144.398	3.5
133	0.055	59.323	47.947	26.591	255	0	0	49.431	3.236
134	0.052	64.282	49.855	19.607	255	0	0	8.794	3.084
135	0.059	55.691	50.72	20.098	255	0	0	22.471	3.48
136	0.051	54.213	43.669	22.791	255	0	0	33.158	3.017
137	0.056	54.096	30.897	28.136	255	0	0	110.384	3.287
138	0.052	42.268	17.15	26.967	116.803	0	0	86.248	3.088
139	0.056	49.79	26.865	28.128	170.455	0	0	74.491	3.337
140	0.062	74.911	39.962	27.246	255	0	0	152.254	3.653
141	0.067	50.808	27.697	28.546	255	0	0	93.381	3.997
142	0.048	76.534	44.187	32.251	255	0	0	59.036	2.847
